word,Macbeth frequency,NewAtlantis frequency,sum of frequencies
us,55,111,166
macb,137,0,137
upon,58,41,99
shall,68,25,93
thou,87,5,92
yet,57,29,86
also,1,82,83
enter,81,0,81
come,54,24,78
one,32,46,78
make,38,38,76
great,31,44,75
good,48,26,74
would,47,26,73
time,45,27,72
thee,61,7,68
king,52,12,64
hath,52,10,62
macbeth,61,0,61
thy,56,5,61
like,39,22,61
well,32,27,59
macd,58,0,58
man,33,25,58
know,33,20,53
say,38,14,52
things,23,28,51
give,24,26,50
rosse,49,0,49
men,16,33,49
lady,48,0,48
must,36,12,48
may,31,17,48
many,9,37,46
done,35,10,45
see,31,14,45
day,19,24,43
made,13,30,43
let,35,7,42
lord,37,4,41
said,5,36,41
doe,38,0,38
hand,23,14,37
land,3,34,37
tis,36,0,36
wife,34,2,36
three,13,23,36
ile,35,0,35
without,14,21,35
call,10,25,35
came,5,30,35
divers,1,34,35
we,0,35,35
banquo,34,0,34
feare,34,0,34
night,29,4,33
take,17,16,33
much,13,20,33
little,6,27,33
1,32,0,32
selfe,32,0,32
nature,20,12,32
though,17,15,32
within,17,14,31
exeunt,30,0,30
speake,29,0,29
every,16,13,29
might,7,22,29
use,6,23,29
house,6,23,29
lenox,28,0,28
sir,28,0,28
life,18,10,28
god,13,15,28
people,4,24,28
ever,13,14,27
state,7,20,27
mine,26,0,26
th,26,0,26
new,12,14,26
first,12,14,26
two,10,16,26
mal,25,0,25
thane,25,0,25
blood,23,2,25
love,19,6,25
put,16,9,25
father,13,12,25
light,9,16,25
set,7,18,25
banq,24,0,24
till,20,4,24
death,20,4,24
strange,16,8,24
son,16,8,24
could,14,10,24
world,6,18,24
(as,4,20,24
looke,23,0,23
sleepe,23,0,23
cannot,20,3,23
still,19,4,23
art,18,5,23
way,17,6,23
nothing,16,7,23
heaven,15,8,23
forth,6,17,23
likewise,0,23,23
scena,22,0,22
heere,22,0,22
thought,14,8,22
againe,21,0,21
cawdor,21,0,21
la,21,0,21
name,13,8,21
live,10,11,21
2,20,0,20
3,20,0,20
doct,20,0,20
heart,18,2,20
whose,14,6,20
none,13,7,20
never,13,7,20
place,11,9,20
thus,13,6,19
tell,10,9,19
rest,9,10,19
greater,3,16,19
heare,18,0,18
macduffe,18,0,18
worthy,15,3,18
leave,12,6,18
ye,3,15,18
far,1,17,18
number,0,18,18
think,0,18,18
&,17,0,17
has,17,0,17
shew,16,1,17
ere,15,2,17
left,6,11,17
part,5,12,17
water,4,13,17
unto,3,14,17
long,3,14,17
strangers,2,15,17
parts,0,17,17
bloody,16,0,16
knock,16,0,16
poore,16,0,16
dos,16,0,16
servant,11,5,16
go,11,5,16
bring,9,7,16
better,8,8,16
another,6,10,16
stay,5,11,16
sea,3,13,16
therefore,3,13,16
years,0,16,16
goe,15,0,15
ith,15,0,15
malc,15,0,15
dead,14,1,15
noble,13,2,15
hands,12,3,15
eyes,11,4,15
stand,11,4,15
words,10,5,15
friends,10,5,15
full,10,5,15
rather,8,7,15
earth,7,8,15
thing,7,8,15
former,5,10,15
called,5,10,15
feast,5,10,15
went,4,11,15
towards,4,11,15
end,4,11,15
amongst,0,15,15
several,0,15,15
family,0,15,15
ayre,14,0,14
theres,14,0,14
deed,14,0,14
peace,11,3,14
away,11,3,14
eye,11,3,14
sight,10,4,14
face,10,4,14
head,9,5,14
old,9,5,14
less,8,6,14
given,8,6,14
order,2,12,14
places,1,13,14
days,0,14,14
excellent,0,14,14
seen,0,14,14
natural,0,14,14
haile,13,0,13
comes,13,0,13
oth,13,0,13
pray,13,0,13
malcolme,13,0,13
exit,13,0,13
dare,13,0,13
sword,13,0,13
sey,13,0,13
welcome,11,2,13
hold,11,2,13
wood,11,2,13
country,5,8,13
knowledge,3,10,13
city,0,13,13
small,0,13,13
works,0,13,13
marriage,0,13,13
inventor,0,13,13
scotland,12,0,12
onely,12,0,12
thinke,12,0,12
keepe,12,0,12
bed,12,0,12
whats,12,0,12
kings,11,1,12
hence,11,1,12
else,11,1,12
morrow,11,1,12
grace,10,2,12
last,9,3,12
present,8,4,12
enough,8,4,12
sit,7,5,12
colours,6,6,12
together,5,7,12
high,5,7,12
stood,4,8,12
besides,3,9,12
found,3,9,12
others,3,9,12
brought,2,10,12
kind,1,11,12
sick,1,11,12
next,1,11,12
either,1,11,12
ship,0,12,12
that,0,12,12
gold,0,12,12
means,0,12,12
double,11,0,11
beene,11,0,11
finde,11,0,11
even,11,0,11
fight,11,0,11
gent,11,0,11
thine,10,1,11
lives,10,1,11
woman,10,1,11
born,9,2,11
almost,8,3,11
heard,8,3,11
children,7,4,11
desire,7,4,11
trouble,7,4,11
known,7,4,11
since,6,5,11
indeed,5,6,11
saw,5,6,11
answer,5,6,11
whole,4,7,11
instruments,3,8,11
blessing,3,8,11
right,3,8,11
birds,2,9,11
manner,1,10,11
find,0,11,11
six,0,11,11
bodies,0,11,11
ships,0,11,11
tirsan,0,11,11
honor,10,0,10
mac,10,0,10
beare,10,0,10
houre,10,0,10
duncan,10,0,10
thoughts,10,0,10
flye,10,0,10
seyward,10,0,10
report,9,1,10
get,9,1,10
hope,9,1,10
false,9,1,10
fell,8,2,10
hast,8,2,10
gone,8,2,10
lost,6,4,10
receive,5,5,10
strong,5,5,10
whether,4,6,10
least,4,6,10
happy,3,7,10
return,3,7,10
cast,3,7,10
body,3,7,10
past,2,8,10
wherein,1,9,10
(which,1,9,10
(for,0,10,10
fair,0,10,10
boat,0,10,10
persons,0,10,10
whereof,0,10,10
blue,0,10,10
cometh,0,10,10
true,0,10,10
laws,0,10,10
kingdom,0,10,10
salomons,0,10,10
motions,0,10,10
thunder,9,0,9
cry,9,0,9
royall,9,0,9
murther,9,0,9
tongve,9,0,9
thats,9,0,9
macduff,9,0,9
minde,9,0,9
lye,9,0,9
fleans,9,0,9
tyrant,9,0,9
truth,8,1,9
meet,7,2,9
gracious,7,2,9
attendants,6,3,9
round,6,3,9
business,6,3,9
ten,5,4,9
reason,5,4,9
care,5,4,9
health,5,4,9
thousand,4,5,9
question,4,5,9
alone,4,5,9
speech,4,5,9
strength,3,6,9
person,3,6,9
large,2,7,9
top,2,7,9
abroad,2,7,9
back,1,8,9
company,1,8,9
divine,1,8,9
chambers,1,8,9
somewhat,0,9,9
ask,0,9,9
nations,0,9,9
bensalem,0,9,9
kinds,0,9,9
experiments,0,9,9
witches,8,0,8
hee,8,0,8
himselfe,8,0,8
hang,8,0,8
ist,8,0,8
trve,8,0,8
feares,8,0,8
sorrow,8,0,8
hell,8,0,8
nights,8,0,8
dayes,8,0,8
drinke,8,0,8
knocking,8,0,8
best,8,0,8
lords,8,0,8
england,8,0,8
doctor,8,0,8
dunsinane,8,0,8
fortune,7,1,8
breath,7,1,8
bid,7,1,8
power,7,1,8
doth,6,2,8
word,6,2,8
fall,6,2,8
messenger,6,2,8
chamber,6,2,8
send,6,2,8
free,5,3,8
attend,5,3,8
purpose,5,3,8
cause,5,3,8
service,4,4,8
fit,4,4,8
seemed,3,5,8
countries,3,5,8
gave,2,6,8
told,2,6,8
foot,2,6,8
secret,2,6,8
unknown,2,6,8
colour,1,7,8
desired,1,7,8
neither,1,7,8
taste,1,7,8
humanity,0,8,8
answered,0,8,8
keep,0,8,8
europe,0,8,8
governor,0,8,8
nation,0,8,8
island,0,8,8
books,0,8,8
air,0,8,8
fellows,0,8,8
represent,0,8,8
anon,7,0,7
donalbaine,7,0,7
sisters,7,0,7
seeme,7,0,7
whos,7,0,7
throw,7,0,7
lets,7,0,7
shake,7,0,7
goes,7,0,7
daggers,7,0,7
bell,7,0,7
oh,7,0,7
ban,7,0,7
fled,7,0,7
weel,7,0,7
mur,7,0,7
knowes,7,0,7
cold,6,1,7
withall,6,1,7
makes,6,1,7
gentle,6,1,7
late,6,1,7
rise,6,1,7
point,5,2,7
title,5,2,7
women,5,2,7
home,5,2,7
flourish,5,2,7
hither,5,2,7
lay,5,2,7
times,4,3,7
sent,4,3,7
thanks,4,3,7
wrought,4,3,7
throne,4,3,7
servants,4,3,7
approach,4,3,7
young,4,3,7
turn,3,4,7
met,3,4,7
making,3,4,7
holy,3,4,7
greatest,2,5,7
used,2,5,7
memory,2,5,7
going,2,5,7
course,2,5,7
wise,2,5,7
trees,2,5,7
silver,1,6,7
relation,1,6,7
speak,1,6,7
deep,0,7,7
hour,0,7,7
cross,0,7,7
took,0,7,7
taken,0,7,7
fine,0,7,7
room,0,7,7
chair,0,7,7
rare,0,7,7
heats,0,7,7
creatures,0,7,7
grapes,0,7,7
chariot,0,7,7
variety,0,7,7
drinks,0,7,7
sounds,0,7,7
faire,6,0,6
damned,6,0,6
whence,6,0,6
helpe,6,0,6
angus,6,0,6
seene,6,0,6
shalt,6,0,6
deepe,6,0,6
thanes,6,0,6
lyes,6,0,6
mortall,6,0,6
comming,6,0,6
wouldst,6,0,6
powre,6,0,6
fate,6,0,6
please,6,0,6
natures,6,0,6
hearke,6,0,6
english,6,0,6
command,6,0,6
thence,6,0,6
neere,6,0,6
issve,6,0,6
wisedome,6,0,6
tyrants,6,0,6
seyton,6,0,6
friend,5,1,6
bad,5,1,6
comfort,5,1,6
thither,5,1,6
sound,5,1,6
chance,5,1,6
toward,5,1,6
spirits,5,1,6
pleasure,5,1,6
horses,5,1,6
mother,5,1,6
become,4,2,6
crown,4,2,6
black,4,2,6
sides,4,2,6
remember,4,2,6
lived,4,2,6
violent,4,2,6
already,4,2,6
move,4,2,6
draw,3,3,6
open,3,3,6
prayers,3,3,6
bless,3,3,6
port,3,3,6
twenty,3,3,6
fast,3,3,6
show,2,4,6
marry,2,4,6
mercy,2,4,6
according,2,4,6
hill,2,4,6
save,1,5,6
taking,1,5,6
white,1,5,6
bowed,1,5,6
whereby,1,5,6
respect,1,5,6
space,1,5,6
east,1,5,6
age,1,5,6
read,1,5,6
voice,1,5,6
waters,0,6,6
whereupon,0,6,6
scroll,0,6,6
otherwise,0,6,6
certain,0,6,6
velvet,0,6,6
wall,0,6,6
cedar,0,6,6
drink,0,6,6
hear,0,6,6
pillar,0,6,6
book,0,6,6
half-pace,0,6,6
herald,0,6,6
artificial,0,6,6
imitate,0,6,6
actus,5,0,5
prima,5,0,5
foule,5,0,5
secunda,5,0,5
alarum,5,0,5
meeting,5,0,5
toth,5,0,5
seemes,5,0,5
terrible,5,0,5
tertia,5,0,5
master,5,0,5
thrice,5,0,5
farre,5,0,5
stands,5,0,5
takes,5,0,5
thankes,5,0,5
harme,5,0,5
honest,5,0,5
highness,5,0,5
duties,5,0,5
safe,5,0,5
sonnes,5,0,5
eare,5,0,5
fill,5,0,5
darke,5,0,5
innocent,5,0,5
hees,5,0,5
strike,5,0,5
horror,5,0,5
fire,5,0,5
em,5,0,5
amen,5,0,5
murthered,5,0,5
faces,5,0,5
selves,5,0,5
slaine,5,0,5
meanes,5,0,5
bene,5,0,5
grave,5,0,5
banquos,5,0,5
worst,5,0,5
backe,5,0,5
len,5,0,5
cauldron,5,0,5
soldiers,5,0,5
ment,5,0,5
promised,4,1,5
act,4,1,5
hide,4,1,5
golden,4,1,5
heavens,4,1,5
breed,4,1,5
spend,4,1,5
worth,4,1,5
second,4,1,5
perfect,4,1,5
sweet,4,1,5
behold,4,1,5
worse,4,1,5
doubt,4,1,5
spirit,3,2,5
charge,3,2,5
ill,3,2,5
single,3,2,5
hearts,3,2,5
office,3,2,5
wine,3,2,5
ready,3,2,5
looked,3,2,5
spoken,3,2,5
touch,3,2,5
cut,3,2,5
cure,3,2,5
spent,2,3,5
pardon,2,3,5
estate,2,3,5
wonder,2,3,5
(my,2,3,5
asked,2,3,5
placed,2,3,5
distance,2,3,5
regard,2,3,5
danger,2,3,5
mile,2,3,5
table,2,3,5
led,2,3,5
morning,2,3,5
wants,2,3,5
offer,2,3,5
feet,2,3,5
paid,2,3,5
fresh,1,4,5
dry,1,4,5
understand,1,4,5
returned,1,4,5
humbly,1,4,5
letter,1,4,5
letters,1,4,5
sorts,1,4,5
heat,1,4,5
bath,1,4,5
seas,1,4,5
south,1,4,5
especially,1,4,5
matter,1,4,5
conference,1,4,5
among,1,4,5
west,1,4,5
navigation,1,4,5
altogether,1,4,5
(the,1,4,5
rich,1,4,5
finding,1,4,5
presently,1,4,5
effects,1,4,5
practise,1,4,5
written,1,4,5
atlantis,0,5,5
victuals,0,5,5
winds,0,5,5
pass,0,5,5
offered,0,5,5
ancient,0,5,5
spanish,0,5,5
side,0,5,5
four,0,5,5
principal,0,5,5
saviour,0,5,5
taketh,0,5,5
spake,0,5,5
custom,0,5,5
appointed,0,5,5
dinner,0,5,5
linen,0,5,5
law,0,5,5
laid,0,5,5
remote,0,5,5
f,0,5,5
boats,0,5,5
near,0,5,5
ark,0,5,5
hundred,0,5,5
mountains,0,5,5
depth,0,5,5
sons,0,5,5
arts,0,5,5
seem,0,5,5
sometimes,0,5,5
silk,0,5,5
jew,0,5,5
mixtures,0,5,5
souldier,4,0,4
gainst,4,0,4
alls,4,0,4
valiant,4,0,4
valour,4,0,4
trust,4,0,4
arme,4,0,4
generall,4,0,4
bosome,4,0,4
pronounce,4,0,4
winde,4,0,4
blow,4,0,4
nine,4,0,4
drum,4,0,4
drumme,4,0,4
ont,4,0,4
glamis,4,0,4
start,4,0,4
owe,4,0,4
newes,4,0,4
ang,4,0,4
wee,4,0,4
pay,4,0,4
heavy,4,0,4
glamys,4,0,4
paines,4,0,4
thanke,4,0,4
gentlemen,4,0,4
yeeld,4,0,4
honors,4,0,4
braine,4,0,4
quarta,4,0,4
spoke,4,0,4
dyede,4,0,4
dearest,4,0,4
dve,4,0,4
macbeths,4,0,4
whiles,4,0,4
play,4,0,4
fatall,4,0,4
feele,4,0,4
castle,4,0,4
hostesse,4,0,4
maiesty,4,0,4
graces,4,0,4
pale,4,0,4
prythee,4,0,4
wast,4,0,4
performe,4,0,4
fleance,4,0,4
gives,4,0,4
walke,4,0,4
bold,4,0,4
owle,4,0,4
dye,4,0,4
husband,4,0,4
laugh,4,0,4
cryed,4,0,4
need,4,0,4
meane,4,0,4
bleed,4,0,4
knocke,4,0,4
shame,4,0,4
porter,4,0,4
heres,4,0,4
gate,4,0,4
broke,4,0,4
ring,4,0,4
crvell,4,0,4
murtherers,4,0,4
horse,4,0,4
killed,4,0,4
swift,4,0,4
warre,4,0,4
fife,4,0,4
heeres,4,0,4
highnesse,4,0,4
sure,4,0,4
sonn,4,0,4
soule,4,0,4
1murth,4,0,4
certaine,4,0,4
loves,4,0,4
something,4,0,4
keepes,4,0,4
soules,4,0,4
flight,4,0,4
court,4,0,4
note,4,0,4
scaena,4,0,4
cheere,4,0,4
often,4,0,4
divell,4,0,4
yong,4,0,4
sonne,4,0,4
burn,4,0,4
bubble,4,0,4
charme,4,0,4
blacke,4,0,4
appar,4,0,4
childe,4,0,4
borne,4,0,4
hart,4,0,4
traitor,4,0,4
mes,4,0,4
villaine,4,0,4
byrnane,4,0,4
alarums,4,0,4
ysey,4,0,4
execution,3,1,4
vantage,3,1,4
began,3,1,4
hereafter,3,1,4
thick,3,1,4
loose,3,1,4
labour,3,1,4
sometime,3,1,4
hard,3,1,4
wherefore,3,1,4
sleep,3,1,4
hanged,3,1,4
suffer,3,1,4
obedience,3,1,4
patience,3,1,4
sundry,3,1,4
close,3,1,4
alive,3,1,4
tree,3,1,4
ones,3,1,4
front,3,1,4
hate,2,2,4
entrance,2,2,4
naked,2,2,4
tender,2,2,4
clock,2,2,4
stones,2,2,4
delight,2,2,4
named,2,2,4
minute,2,2,4
causes,2,2,4
ends,2,2,4
provide,2,2,4
ground,2,2,4
nay,2,2,4
wear,2,2,4
lust,2,2,4
truly,2,2,4
except,1,3,4
inhabitants,1,3,4
smells,1,3,4
twice,1,3,4
account,1,3,4
twelve,1,3,4
kings,1,3,4
descended,1,3,4
living,1,3,4
turned,1,3,4
carried,1,3,4
invention,1,3,4
held,1,3,4
particular,1,3,4
prepared,1,3,4
degrees,1,3,4
society,1,3,4
proper,1,3,4
houses,1,3,4
glory,1,3,4
vessels,1,3,4
farther,1,3,4
want,1,3,4
tables,1,3,4
salt,1,3,4
low,1,3,4
points,1,3,4
saying,1,3,4
discern,1,3,4
spacious,1,3,4
hat,1,3,4
buried,1,3,4
yellow,1,3,4
sun,1,3,4
served,1,3,4
china,0,4,4
discovered,0,4,4
shore,0,4,4
parchment,0,4,4
officer,0,4,4
permitted,0,4,4
scarce,0,4,4
green,0,4,4
forty,0,4,4
honour,0,4,4
fruit,0,4,4
strangers,0,4,4
he,0,4,4
thanked,0,4,4
arms,0,4,4
glass,0,4,4
ye,0,4,4
said),0,4,4
remedy,0,4,4
ways,0,4,4
tippet,0,4,4
(that,0,4,4
questions,0,4,4
reverence,0,4,4
hebrews,0,4,4
knew,0,4,4
voyage,0,4,4
touching,0,4,4
you,0,4,4
shipping,0,4,4
faithful,0,4,4
voyages,0,4,4
descendants,0,4,4
inundation,0,4,4
ages,0,4,4
work,0,4,4
foundation,0,4,4
plants,0,4,4
brethren,0,4,4
inventions,0,4,4
patterns,0,4,4
choose,0,4,4
sitteth,0,4,4
ivy,0,4,4
charter,0,4,4
delivereth,0,4,4
jews,0,4,4
differing,0,4,4
mans,0,4,4
adorned,0,4,4
diverse,0,4,4
diseases,0,4,4
flies,0,4,4
beasts,0,4,4
yea,0,4,4
meat,0,4,4
easily,0,4,4
observations,0,4,4
sunn,3,0,3
filthy,3,0,3
newest,3,0,3
didst,3,0,3
cap,3,0,3
kernes,3,0,3
slave,3,0,3
gentleman,3,0,3
marke,3,0,3
justice,3,0,3
armed,3,0,3
norweyan,3,0,3
wounds,3,0,3
gashes,3,0,3
dismall,3,0,3
mouncht,3,0,3
kinde,3,0,3
weyward,3,0,3
wilde,3,0,3
lips,3,0,3
hayle,3,0,3
success,3,0,3
contend,3,0,3
ore,3,0,3
devill,3,0,3
horrid,3,0,3
horrible,3,0,3
leysure,3,0,3
liege,3,0,3
twere,3,0,3
mindes,3,0,3
absolute,3,0,3
wing,3,0,3
knowne,3,0,3
owne,3,0,3
seeke,3,0,3
shine,3,0,3
quinta,3,0,3
milke,3,0,3
catch,3,0,3
ambition,3,0,3
crowned,3,0,3
mad,3,0,3
womans,3,0,3
sexta,3,0,3
hoboyes,3,0,3
sences,3,0,3
gvest,3,0,3
bird,3,0,3
broad,3,0,3
host,3,0,3
stage,3,0,3
quickly,3,0,3
shut,3,0,3
doore,3,0,3
duncane,3,0,3
bin,3,0,3
businesse,3,0,3
soone,3,0,3
affeared,3,0,3
dares,3,0,3
breake,3,0,3
faile,3,0,3
courage,3,0,3
dont,3,0,3
torch,3,0,3
boy,3,0,3
summons,3,0,3
halfe,3,0,3
watch,3,0,3
ghost,3,0,3
knell,3,0,3
groomes,3,0,3
hoa,3,0,3
misse,3,0,3
noyse,3,0,3
wake,3,0,3
throat,3,0,3
wayes,3,0,3
wash,3,0,3
weare,3,0,3
night-gown,3,0,3
fort,3,0,3
faith,3,0,3
equivocator,3,0,3
treason,3,0,3
gods,3,0,3
beleeve,3,0,3
downe,3,0,3
remembrance,3,0,3
awake,3,0,3
sprights,3,0,3
alas,3,0,3
dyed,3,0,3
meere,3,0,3
mans,3,0,3
kill,3,0,3
moment,3,0,3
worke,3,0,3
mallice,3,0,3
unnaturall,3,0,3
duncans,3,0,3
eate,3,0,3
scone,3,0,3
bones,3,0,3
weyard,3,0,3
roote,3,0,3
speeches,3,0,3
supper,3,0,3
ride,3,0,3
wish,3,0,3
pallace,3,0,3
line,3,0,3
murth,3,0,3
file,3,0,3
drop,3,0,3
applaud,3,0,3
mayst,3,0,3
murthers,3,0,3
lacke,3,0,3
deere,3,0,3
shadow,3,0,3
sights,3,0,3
growes,3,0,3
goodnight,3,0,3
hecat,3,0,3
hopes,3,0,3
musicke,3,0,3
warlike,3,0,3
accursed,3,0,3
boyle,3,0,3
castles,3,0,3
babes,3,0,3
foole,3,0,3
traitors,3,0,3
pretty,3,0,3
speakst,3,0,3
queene,3,0,3
disease,3,0,3
remove,3,0,3
affraid,3,0,3
griefe,3,0,3
lad,3,0,3
cath,3,0,3
marching,3,0,3
ser,3,0,3
souldiers,3,0,3
him),2,1,3
finger,2,1,3
lesser,2,1,3
stop,2,1,3
vanished,2,1,3
image,2,1,3
cleave,2,1,3
plant,2,1,3
prince,2,1,3
hearing,2,1,3
ignorant,2,1,3
greatness,2,1,3
beyond,2,1,3
angels,2,1,3
offices,2,1,3
content,2,1,3
serve,2,1,3
rings,2,1,3
carry,2,1,3
easy,2,1,3
expectation,2,1,3
leaves,2,1,3
blown,2,1,3
confusion,2,1,3
trade,2,1,3
troubled,2,1,3
presence,2,1,3
advice,2,1,3
commend,2,1,3
fathers,2,1,3
straight,2,1,3
bright,2,1,3
begin,2,1,3
direction,2,1,3
revenge,2,1,3
promise,2,1,3
dost,2,1,3
beside,2,1,3
scorn,2,1,3
walked,2,1,3
pious,2,1,3
cries,2,1,3
lies,2,1,3
precious,2,1,3
evils,2,1,3
setting,2,1,3
smile,2,1,3
beard,2,1,3
seemeth,1,2,3
deceive,1,2,3
laying,1,2,3
hidden,1,2,3
garments,1,2,3
aid,1,2,3
learned,1,2,3
pleasant,1,2,3
taught,1,2,3
males,1,2,3
settled,1,2,3
bend,1,2,3
instrument,1,2,3
entry,1,2,3
quiet,1,2,3
countenance,1,2,3
motion,1,2,3
avoid,1,2,3
dainty,1,2,3
pride,1,2,3
sweeter,1,2,3
barren,1,2,3
traveller,1,2,3
bare,1,2,3
forget,1,2,3
bent,1,2,3
it),1,2,3
demand,1,2,3
commanded,1,2,3
proud,1,2,3
third,1,2,3
vices,1,2,3
particulars,1,2,3
snow,1,2,3
daughters,1,2,3
willing,1,2,3
silent,1,2,3
heavenly,1,2,3
write,1,2,3
(at,1,2,3
observe,1,2,3
dignity,1,2,3
senses,1,2,3
flesh,1,2,3
learn,1,2,3
flying,1,2,3
try,1,2,3
producing,1,2,3
peru,0,3,3
soft,0,3,3
midst,0,3,3
sailing,0,3,3
view,0,3,3
thinking,0,3,3
cane,0,3,3
aboard,0,3,3
shining,0,3,3
languages,0,3,3
sign,0,3,3
case,0,3,3
store,0,3,3
merchandise,0,3,3
reward,0,3,3
pistolets,0,3,3
look,0,3,3
form,0,3,3
turban,0,3,3
reverend,0,3,3
gilt,0,3,3
thereupon,0,3,3
land,0,3,3
declare,0,3,3
holding,0,3,3
seemeth),0,3,3
oath,0,3,3
standing,0,3,3
withal,0,3,3
god,0,3,3
surely,0,3,3
bread,0,3,3
wonderful,0,3,3
dear,0,3,3
knoweth,0,3,3
miracle,0,3,3
gods,0,3,3
clothed,0,3,3
coming,0,3,3
i,0,3,3
priest,0,3,3
able,0,3,3
sat,0,3,3
secrecy,0,3,3
(in,0,3,3
appeared,0,3,3
sharp,0,3,3
nearer,0,3,3
generations,0,3,3
impostures,0,3,3
whereas,0,3,3
remained,0,3,3
highest,0,3,3
christ,0,3,3
ordain,0,3,3
there,0,3,3
language,0,3,3
saved,0,3,3
pause,0,3,3
desirous,0,3,3
foreign,0,3,3
possible,0,3,3
thereof,0,3,3
coya,0,3,3
saith,0,3,3
subject,0,3,3
higher,0,3,3
human,0,3,3
greatly,0,3,3
sail,0,3,3
lawgiver,0,3,3
miles,0,3,3
curious,0,3,3
policy,0,3,3
conditions,0,3,3
admirable,0,3,3
remain,0,3,3
vulgar,0,3,3
names,0,3,3
seeing,0,3,3
middle,0,3,3
generation,0,3,3
linage,0,3,3
kept,0,3,3
cluster,0,3,3
satin,0,3,3
enamelled,0,3,3
private,0,3,3
virtue,0,3,3
music,0,3,3
ordained,0,3,3
chaste,0,3,3
pools,0,3,3
cloth,0,3,3
shoes,0,3,3
richly,0,3,3
preparations,0,3,3
region,0,3,3
imitation,0,3,3
meteors,0,3,3
engines,0,3,3
herbs,0,3,3
medicines,0,3,3
worms,0,3,3
fishes,0,3,3
special,0,3,3
breads,0,3,3
meats,0,3,3
grains,0,3,3
roots,0,3,3
moist,0,3,3
afar,0,3,3
glasses,0,3,3
lightning,2,0,2
heath,2,0,2
calls,2,0,2
bleeding,2,0,2
revolt,2,0,2
fought,2,0,2
brave,2,0,2
doubtfull,2,0,2
cling,2,0,2
(worthy,2,0,2
rebell,2,0,2
quarry,2,0,2
shewed,2,0,2
weake,2,0,2
deserves,2,0,2
steele,2,0,2
passage,2,0,2
farwell,2,0,2
battlements,2,0,2
cousin,2,0,2
spring,2,0,2
discomfort,2,0,2
sooner,2,0,2
heeles,2,0,2
armes,2,0,2
yes,2,0,2
lyon,2,0,2
sooth,2,0,2
stroakes,2,0,2
lookes,2,0,2
banners,2,0,2
norway,2,0,2
numbers,2,0,2
rebellious,2,0,2
greet,2,0,2
sister,2,0,2
cryes,2,0,2
tiger,2,0,2
neyther,2,0,2
forbid,2,0,2
weary,2,0,2
pine,2,0,2
wound,2,0,2
withered,2,0,2
fantasticall,2,0,2
partner,2,0,2
seedes,2,0,2
grow,2,0,2
begge,2,0,2
beleefe,2,0,2
vanish,2,0,2
whither,2,0,2
corporall,2,0,2
eaten,2,0,2
root,2,0,2
selfe-same,2,0,2
received,2,0,2
prayses,2,0,2
findes,2,0,2
tale,2,0,2
post,2,0,2
kingdomes,2,0,2
defence,2,0,2
earnest,2,0,2
addition,2,0,2
robes,2,0,2
judgement,2,0,2
beares,2,0,2
wracke,2,0,2
treasons,2,0,2
confessed,2,0,2
trusted,2,0,2
crowne,2,0,2
winn,2,0,2
darkness,2,0,2
truths,2,0,2
consequence,2,0,2
imperiall,2,0,2
unfixe,2,0,2
rapt,2,0,2
stirre,2,0,2
forgotten,2,0,2
leafe,2,0,2
reade,2,0,2
weighed,2,0,2
became,2,0,2
owed,2,0,2
slow,2,0,2
deserved,2,0,2
begun,2,0,2
kinsmen,2,0,2
cumberland,2,0,2
starres,2,0,2
ioyfull,2,0,2
bee,2,0,2
banquet,2,0,2
kinsman,2,0,2
farewell,2,0,2
humane,2,0,2
highly,2,0,2
holily,2,0,2
undone,2,0,2
mess,2,0,2
preparation,2,0,2
fellowes,2,0,2
message,2,0,2
raven,2,0,2
toe,2,0,2
crvelty,2,0,2
betweene,2,0,2
hit,2,0,2
gall,2,0,2
ministers,2,0,2
sightless,2,0,2
wait,2,0,2
keene,2,0,2
knife,2,0,2
instant,2,0,2
flower,2,0,2
serpent,2,0,2
dispatch,2,0,2
soveraigne,2,0,2
sway,2,0,2
cleare,2,0,2
torches,2,0,2
seat,2,0,2
loved,2,0,2
haunt,2,0,2
teach,2,0,2
continve,2,0,2
septima,2,0,2
schoole,2,0,2
returne,2,0,2
ingredience,2,0,2
subiect,2,0,2
murtherer,2,0,2
cleere,2,0,2
pitty,2,0,2
teares,2,0,2
drown,2,0,2
pricke,2,0,2
supt,2,0,2
bought,2,0,2
slept,2,0,2
greene,2,0,2
coward,2,0,2
esteeme,2,0,2
cat,2,0,2
babe,2,0,2
braines,2,0,2
sticking,2,0,2
weele,2,0,2
asleepe,2,0,2
invite,2,0,2
gvilt,2,0,2
marked,2,0,2
sleepy,2,0,2
mock,2,0,2
moone,2,0,2
mercifull,2,0,2
cursed,2,0,2
repose,2,0,2
dagger,2,0,2
fooles,2,0,2
blade,2,0,2
wicked,2,0,2
dreames,2,0,2
heccats,2,0,2
wolfe,2,0,2
pace,2,0,2
moves,2,0,2
the[m],2,0,2
afraid,2,0,2
awaked,2,0,2
attempt,2,0,2
sorry,2,0,2
lodged,2,0,2
deeds,2,0,2
sore,2,0,2
chiefe,2,0,2
lifes,2,0,2
sleeping,2,0,2
painted,2,0,2
cleane,2,0,2
couldst,2,0,2
key,2,0,2
plenty,2,0,2
enow,2,0,2
scale,2,0,2
taylor,2,0,2
provokes,2,0,2
tooke,2,0,2
shift,2,0,2
stirring,2,0,2
timely,2,0,2
fellow,2,0,2
destroy,2,0,2
graves,2,0,2
woe,2,0,2
deare,2,0,2
donal,2,0,2
stopt,2,0,2
pillowes,2,0,2
amazed,2,0,2
loyall,2,0,2
tongves,2,0,2
hid,2,0,2
seize,2,0,2
scruples,2,0,2
manly,2,0,2
ireland,2,0,2
safer,2,0,2
mens,2,0,2
smiles,2,0,2
lighted,2,0,2
leave-taking,2,0,2
houres,2,0,2
dreadfull,2,0,2
kisse,2,0,2
upont,2,0,2
ross,2,0,2
soveraignty,2,0,2
cosin,2,0,2
wel,2,0,2
adieu,2,0,2
foes,2,0,2
omnes,2,0,2
upons,2,0,2
royalty,2,0,2
succeeding,2,0,2
ift,2,0,2
eternall,2,0,2
common,2,0,2
enemy,2,0,2
station,2,0,2
manhood,2,0,2
bosomes,2,0,2
sickly,2,0,2
2murth,2,0,2
spight,2,0,2
enemie,2,0,2
advise,2,0,2
require,2,0,2
absence,2,0,2
abide,2,0,2
madame,2,0,2
got,2,0,2
destruction,2,0,2
ioy,2,0,2
fancies,2,0,2
snake,2,0,2
remaines,2,0,2
tooth,2,0,2
gayne,2,0,2
rugged,2,0,2
bat,2,0,2
hums,2,0,2
pittifull,2,0,2
teare,2,0,2
bond,2,0,2
needes,2,0,2
toot,2,0,2
mingle,2,0,2
mirth,2,0,2
measure,2,0,2
sawcy,2,0,2
doubts,2,0,2
venom,2,0,2
sold,2,0,2
sawce,2,0,2
meate,2,0,2
sits,2,0,2
blame,2,0,2
canst,2,0,2
lockes,2,0,2
passion,2,0,2
feed,2,0,2
stuffe,2,0,2
story,2,0,2
folly,2,0,2
weale,2,0,2
push,2,0,2
custome,2,0,2
firme,2,0,2
protest,2,0,2
mee,2,0,2
naturall,2,0,2
cheekes,2,0,2
betimes,2,0,2
season,2,0,2
hec,2,0,2
charmes,2,0,2
harmes,2,0,2
song,2,0,2
sing,2,0,2
&c,2,0,2
strangely,2,0,2
donalbane,2,0,2
greeve,2,0,2
disgrace,2,0,2
youl,2,0,2
caution,2,0,2
t,2,0,2
angell,2,0,2
caldron,2,0,2
charmed,2,0,2
toyle,2,0,2
adde,2,0,2
coole,2,0,2
confound,2,0,2
heads,2,0,2
sicken,2,0,2
apparation,2,0,2
beware,2,0,2
descends,2,0,2
eares,2,0,2
scorne,2,0,2
frets,2,0,2
impress,2,0,2
forrest,2,0,2
byrnan,2,0,2
reigne,2,0,2
deny,2,0,2
curse,2,0,2
sinkes,2,0,2
noise,2,0,2
glasse,2,0,2
seare,2,0,2
haire,2,0,2
infected,2,0,2
firstlings,2,0,2
edge,2,0,2
fly,2,0,2
longer,2,0,2
wilt,2,0,2
wit,2,0,2
swearers,2,0,2
beate,2,0,2
weepe,2,0,2
hes,2,0,2
syllable,2,0,2
perchance,2,0,2
lambe,2,0,2
recoyle,2,0,2
tyranny,2,0,2
untimely,2,0,2
avarice,2,0,2
severall,2,0,2
poure,2,0,2
govern,2,0,2
fare,2,0,2
brest,2,0,2
foorth,2,0,2
wretched,2,0,2
dispaire,2,0,2
maine,2,0,2
relate,2,0,2
nere,2,0,2
pull,2,0,2
fiend,2,0,2
swords,2,0,2
forgive,2,0,2
physicke,2,0,2
shee,2,0,2
field,2,0,2
walking,2,0,2
spot,2,0,2
strongly,2,0,2
doot,2,0,2
othat,2,0,2
charged,2,0,2
troubles,2,0,2
menteth,2,0,2
cathnes,2,0,2
malcolm,2,0,2
seywards,2,0,2
fury,2,0,2
march,2,0,2
purge,2,0,2
confirmed,2,0,2
armor,2,0,2
patient,2,0,2
minister,2,0,2
birnane,2,0,2
famine,2,0,2
fighting,2,0,2
multiplying,1,1,2
smiling,1,1,2
whore,1,1,2
carved,1,1,2
thunders,1,1,2
compelled,1,1,2
cannons,1,1,2
bathe,1,1,2
assisted,1,1,2
composition,1,1,2
saint,1,1,2
pilots,1,1,2
imperfect,1,1,2
intelligence,1,1,2
happily,1,1,2
wonders,1,1,2
images,1,1,2
deepest,1,1,2
swelling,1,1,2
dull,1,1,2
gladly,1,1,2
nearest,1,1,2
saluted,1,1,2
access,1,1,2
effect,1,1,2
substances,1,1,2
provided,1,1,2
observed,1,1,2
honored,1,1,2
wherewith,1,1,2
conduct,1,1,2
cherubin,1,1,2
aside,1,1,2
beast,1,1,2
officers,1,1,2
later,1,1,2
lead,1,1,2
powers,1,1,2
consent,1,1,2
vision,1,1,2
creation,1,1,2
foolish,1,1,2
consider,1,1,2
hurt,1,1,2
red,1,1,2
occasion,1,1,2
turning,1,1,2
everlasting,1,1,2
urine,1,1,2
giving,1,1,2
(i,1,1,2
say),1,1,2
confused,1,1,2
temple,1,1,2
blessed,1,1,2
brewed,1,1,2
piece,1,1,2
(a,1,1,2
posterity,1,1,2
request,1,1,2
knit,1,1,2
seven,1,1,2
temper,1,1,2
safety,1,1,2
gift,1,1,2
alike,1,1,2
concluded,1,1,2
apace,1,1,2
humble,1,1,2
dispatched,1,1,2
marble,1,1,2
bound,1,1,2
grown,1,1,2
ceremony,1,1,2
shed,1,1,2
shape,1,1,2
disorder,1,1,2
disposition,1,1,2
do),1,1,2
amends,1,1,2
raise,1,1,2
you),1,1,2
rage,1,1,2
(with,1,1,2
feasts,1,1,2
stone,1,1,2
thirty,1,1,2
digged,1,1,2
tigers,1,1,2
churches,1,1,2
corn,1,1,2
treasure,1,1,2
aright,1,1,2
assurance,1,1,2
satisfied,1,1,2
depart,1,1,2
eight,1,1,2
kindly,1,1,2
acts,1,1,2
titles,1,1,2
net,1,1,2
lime,1,1,2
swear,1,1,2
savage,1,1,2
accounted,1,1,2
desolate,1,1,2
crave,1,1,2
goodness,1,1,2
added,1,1,2
goodly,1,1,2
vice,1,1,2
opened,1,1,2
pure,1,1,2
wives,1,1,2
convey,1,1,2
affection,1,1,2
deeper,1,1,2
bounty,1,1,2
abound,1,1,2
knees,1,1,2
sought,1,1,2
hanging,1,1,2
healing,1,1,2
flowers,1,1,2
ran,1,1,2
time),1,1,2
satisfy,1,1,2
smell,1,1,2
secrets,1,1,2
robe,1,1,2
force,1,1,2
reported,1,1,2
needed,1,1,2
therein,1,1,2
hardly,1,1,2
thereby,1,1,2
discovery,1,1,2
walls,1,1,2
forced,1,1,2
forgot,1,1,2
familiar,1,1,2
army,1,1,2
beaten,1,1,2
tied,1,1,2
arrived,1,1,2
minds,1,1,2
reckon,1,1,2
(where,0,2,2
continued,0,2,2
months,0,2,2
weak,0,2,2
five,0,2,2
north,0,2,2
spare,0,2,2
voices,0,2,2
beseeching,0,2,2
discover,0,2,2
knowing,0,2,2
utterly,0,2,2
islands,0,2,2
appearance,0,2,2
flat,0,2,2
built,0,2,2
straightways,0,2,2
were),0,2,2
warning,0,2,2
signs,0,2,2
drew,0,2,2
delivered,0,2,2
coast,0,2,2
needeth,0,2,2
wings,0,2,2
tongue,0,2,2
tempests,0,2,2
presented,0,2,2
seemed),0,2,2
gown,0,2,2
wide,0,2,2
sleeves,0,2,2
apparel,0,2,2
daintily,0,2,2
locks,0,2,2
hair,0,2,2
sending,0,2,2
yards,0,2,2
softly,0,2,2
mouth,0,2,2
gesture,0,2,2
if,0,2,2
licence,0,2,2
notary,0,2,2
aloud,0,2,2
my,0,2,2
warned,0,2,2
hoped,0,2,2
sickness,0,2,2
color,0,2,2
scarlet,0,2,2
jesus,0,2,2
(so,0,2,2
accommodated,0,2,2
sufficient,0,2,2
convenient,0,2,2
gathered,0,2,2
civil,0,2,2
fashion,0,2,2
passed,0,2,2
brick,0,2,2
handsome,0,2,2
windows,0,2,2
parlour,0,2,2
what,0,2,2
fifty,0,2,2
nineteen,0,2,2
lodge,0,2,2
fifteen,0,2,2
gallery,0,2,2
cells,0,2,2
instituted,0,2,2
lifting,0,2,2
requireth,0,2,2
to-morrow,0,2,2
removing,0,2,2
,0,2,2
soon,0,2,2
clear,0,2,2
pleasing,0,2,2
(they,0,2,2
pills,0,2,2
standeth,0,2,2
christian,0,2,2
commandment,0,2,2
(though,0,2,2
manners,0,2,2
souls,0,2,2
joyfully,0,2,2
joy,0,2,2
looking,0,2,2
occasions,0,2,2
self,0,2,2
stranger,0,2,2
half),0,2,2
awhile,0,2,2
wanted,0,2,2
salvation,0,2,2
fail,0,2,2
tongues,0,2,2
tears,0,2,2
appear,0,2,2
daily,0,2,2
visit,0,2,2
sort,0,2,2
situation,0,2,2
admission,0,2,2
assuredly,0,2,2
vast,0,2,2
earth),0,2,2
apostle,0,2,2
sheweth,0,2,2
marvellous,0,2,2
college,0,2,2
miracles,0,2,2
illusions,0,2,2
acknowledge,0,2,2
testify,0,2,2
prosper,0,2,2
caused,0,2,2
silence,0,2,2
fore-end,0,2,2
palm,0,2,2
contained,0,2,2
testament,0,2,2
nevertheless,0,2,2
appeareth,0,2,2
original,0,2,2
persians,0,2,2
miraculous,0,2,2
paused,0,2,2
agreeable,0,2,2
fearful,0,2,2
formerly,0,2,2
discoveries,0,2,2
commonly,0,2,2
degree,0,2,2
indies,0,2,2
marvel,0,2,2
lordship,0,2,2
affairs,0,2,2
them,0,2,2
news,0,2,2
reveal,0,2,2
satisfaction,0,2,2
ago,0,2,2
remnant,0,2,2
universal,0,2,2
deluge,0,2,2
america),0,2,2
times),0,2,2
at,0,2,2
stirps,0,2,2
atlantic,0,2,2
mediterrane,0,2,2
borders,0,2,2
streams,0,2,2
rivers,0,2,2
tyrambel,0,2,2
mighty,0,2,2
riches,0,2,2
(or,0,2,2
enemies,0,2,2
(by,0,2,2
arid,0,2,2
bear,0,2,2
but,0,2,2
destroyed,0,2,2
although,0,2,2
generally,0,2,2
woods,0,2,2
perished,0,2,2
necessary,0,2,2
thin,0,2,2
population,0,2,2
america,0,2,2
poor,0,2,2
peopled,0,2,2
noah,0,2,2
extreme,0,2,2
lighter,0,2,2
feathers,0,2,2
infinite,0,2,2
flights,0,2,2
accident,0,2,2
following,0,2,2
intercourse,0,2,2
yield,0,2,2
mariners,0,2,2
mortal,0,2,2
esteem,0,2,2
maintain,0,2,2
soil,0,2,2
commixture,0,2,2
relief,0,2,2
distressed,0,2,2
rose,0,2,2
join,0,2,2
chose,0,2,2
institution,0,2,2
beareth,0,2,2
records,0,2,2
maketh,0,2,2
opinion,0,2,2
them),0,2,2
forbidden,0,2,2
mission,0,2,2
designed,0,2,2
sciences,0,2,2
silks,0,2,2
spices,0,2,2
growth,0,2,2
procure,0,2,2
acquaintance,0,2,2
bosom,0,2,2
mens,0,2,2
bidden,0,2,2
compounded,0,2,2
granted,0,2,2
celebrated,0,2,2
sexes,0,2,2
concerning,0,2,2
courses,0,2,2
marriages,0,2,2
orders,0,2,2
public,0,2,2
seldom,0,2,2
vine,0,2,2
upper,0,2,2
leaf,0,2,2
substance,0,2,2
females,0,2,2
difference,0,2,2
lower,0,2,2
stalk,0,2,2
mantle,0,2,2
directed,0,2,2
propagation,0,2,2
varied,0,2,2
chosen,0,2,2
retireth,0,2,2
guests,0,2,2
comely,0,2,2
adam,0,2,2
abraham,0,2,2
calleth,0,2,2
shoulders,0,2,2
jewel,0,2,2
figure,0,2,2
ear,0,2,2
religion,0,2,2
extremely,0,2,2
virgin,0,2,2
messiah,0,2,2
tradition,0,2,2
customs,0,2,2
families,0,2,2
nuptial,0,2,2
chastity,0,2,2
dissolute,0,2,2
courtesans,0,2,2
unlawful,0,2,2
concupiscence,0,2,2
married,0,2,2
art),0,2,2
appetites,0,2,2
righteousness,0,2,2
contract,0,2,2
feigned,0,2,2
couple,0,2,2
cape,0,2,2
girt,0,2,2
neck,0,2,2
wheels,0,2,2
embroidered,0,2,2
crosier,0,2,2
pastoral,0,2,2
staff,0,2,2
metal,0,2,2
behind,0,2,2
principals,0,2,2
pages,0,2,2
employments,0,2,2
assigned,0,2,2
ordinances,0,2,2
rites,0,2,2
the,0,2,2
caves,0,2,2
cave,0,2,2
beams,0,2,2
metals,0,2,2
compositions,0,2,2
materials,0,2,2
prolongation,0,2,2
hermits,0,2,2
burials,0,2,2
earths,0,2,2
fruitful,0,2,2
towers,0,2,2
rain,0,2,2
hail,0,2,2
fish,0,2,2
wells,0,2,2
baths,0,2,2
brass,0,2,2
minerals,0,2,2
demonstrate,0,2,2
vital,0,2,2
juice,0,2,2
various,0,2,2
orchards,0,2,2
gardens,0,2,2
beauty,0,2,2
trials,0,2,2
contrariwise,0,2,2
serpents,0,2,2
wines,0,2,2
fruits,0,2,2
dried,0,2,2
insomuch,0,2,2
mild,0,2,2
shops,0,2,2
simples,0,2,2
forms,0,2,2
mechanical,0,2,2
demonstrations,0,2,2
rain-bows,0,2,2
gems,0,2,2
lines,0,2,2
deceits,0,2,2
objects,0,2,2
distances,0,2,2
helps,0,2,2
articulate,0,2,2
practices,0,2,2
multiply,0,2,2
ordnance,0,2,2
astronomy,0,2,2
for,0,2,2
collect,0,2,2
liberal,0,2,2
axioms,0,2,2
divinations,0,2,2
labours,0,2,2
lastly,0,2,2
statues,0,2,2
inventors,0,2,2
statue,0,2,2
descriptions,0,2,2
value,0,2,2
publish,0,2,2
tragedy,1,0,1
primus,1,0,1
scoena,1,0,1
raine,1,0,1
hurley-burleys,1,0,1
battailes,1,0,1
wonne,1,0,1
gray-malkin,1,0,1
padock,1,0,1
hover,1,0,1
fogge,1,0,1
malcome,1,0,1
captaine,1,0,1
plight,1,0,1
serieant,1,0,1
hardy,1,0,1
captivity,1,0,1
broyle,1,0,1
swimmers,1,0,1
choake,1,0,1
merciless,1,0,1
macdonwald,1,0,1
villanies,1,0,1
swarme,1,0,1
western,1,0,1
isles,1,0,1
gallowgrosses,1,0,1
supplyed,1,0,1
rebells,1,0,1
(well,1,0,1
name),1,0,1
disdayning,1,0,1
brandisht,1,0,1
smoaked,1,0,1
(like,1,0,1
valours,1,0,1
minion),1,0,1
faced,1,0,1
neur,1,0,1
shooke,1,0,1
unseamed,1,0,1
nave,1,0,1
chops,1,0,1
fixed,1,0,1
gins,1,0,1
reflection,1,0,1
shipwracking,1,0,1
stormes,1,0,1
direfull,1,0,1
swells,1,0,1
skipping,1,0,1
surveying,1,0,1
furbusht,1,0,1
supplyes,1,0,1
assault,1,0,1
dismayed,1,0,1
captaines,1,0,1
banquoh,1,0,1
sparrowes,1,0,1
eagles,1,0,1
hare,1,0,1
over-charged,1,0,1
cracks,1,0,1
doubly,1,0,1
redoubled,1,0,1
foe,1,0,1
meant,1,0,1
reeking,1,0,1
memorize,1,0,1
golgotha,1,0,1
faint,1,0,1
smack,1,0,1
surgeons,1,0,1
haste,1,0,1
camst,1,0,1
fiffe,1,0,1
flowt,1,0,1
skie,1,0,1
fann,1,0,1
disloyall,1,0,1
traytor,1,0,1
conflict,1,0,1
bellonas,1,0,1
bridegroome,1,0,1
lapt,1,0,1
proofe,1,0,1
confronted,1,0,1
selfe-comparisons,1,0,1
curbing,1,0,1
lavish,1,0,1
conclude,1,0,1
victory,1,0,1
happinesse,1,0,1
sweno,1,0,1
norwayes,1,0,1
craves,1,0,1
deigne,1,0,1
buriall,1,0,1
disbursed,1,0,1
colmes,1,0,1
ynch,1,0,1
dollars,1,0,1
interest,1,0,1
wonn,1,0,1
killing,1,0,1
swine,1,0,1
saylors,1,0,1
chestnuts,1,0,1
lappe,1,0,1
quoth,1,0,1
aroynt,1,0,1
witch,1,0,1
rumpe-fed,1,0,1
ronyon,1,0,1
husbands,1,0,1
aleppo,1,0,1
syve,1,0,1
sayle,1,0,1
rat,1,0,1
tayle,1,0,1
thart,1,0,1
ports,1,0,1
quarters,1,0,1
ship-mans,1,0,1
card,1,0,1
dreyne,1,0,1
hay,1,0,1
pent-house,1,0,1
lid,1,0,1
seunights,1,0,1
dwindle,1,0,1
peake,1,0,1
barke,1,0,1
tempest-tost,1,0,1
thumbe,1,0,1
wrackt,1,0,1
homeward,1,0,1
posters,1,0,1
charmes,1,0,1
soris,1,0,1
attyre,1,0,1
aught,1,0,1
choppy,1,0,1
skinny,1,0,1
beards,1,0,1
interprete,1,0,1
outwardly,1,0,1
prediction,1,0,1
wrapt,1,0,1
graine,1,0,1
favors,1,0,1
happyer,1,0,1
speakers,1,0,1
sinells,1,0,1
prosperous,1,0,1
prospect,1,0,1
blasted,1,0,1
prophetique,1,0,1
greeting,1,0,1
bubbles,1,0,1
melted,1,0,1
stayed,1,0,1
insane,1,0,1
prisoner,1,0,1
tune,1,0,1
reades,1,0,1
personall,1,0,1
venture,1,0,1
rebels,1,0,1
silenced,1,0,1
viewing,1,0,1
stout,1,0,1
rankes,1,0,1
afeard,1,0,1
powred,1,0,1
harrold,1,0,1
dress,1,0,1
borrowed,1,0,1
combined,1,0,1
lyne,1,0,1
laboured,1,0,1
countreyes,1,0,1
capitall,1,0,1
proved,1,0,1
overthrown,1,0,1
behinde,1,0,1
enkindle,1,0,1
oftentimes,1,0,1
trifles,1,0,1
betrays,1,0,1
cousins,1,0,1
prologves,1,0,1
theame,1,0,1
supernaturall,1,0,1
solliciting,1,0,1
successe,1,0,1
commencing,1,0,1
suggestion,1,0,1
heire,1,0,1
seated,1,0,1
ribbes,1,0,1
imaginings,1,0,1
shakes,1,0,1
function,1,0,1
smothered,1,0,1
surmise,1,0,1
partners,1,0,1
mould,1,0,1
runs,1,0,1
roughest,1,0,1
favour,1,0,1
registred,1,0,1
chanced,1,0,1
interim,1,0,1
commission,1,0,1
die,1,0,1
frankly,1,0,1
implored,1,0,1
repentance,1,0,1
leaving,1,0,1
studied,1,0,1
careless,1,0,1
trifle,1,0,1
construction,1,0,1
bvilt,1,0,1
worthyest,1,0,1
sinn,1,0,1
ingratitude,1,0,1
swiftest,1,0,1
recompence,1,0,1
overtake,1,0,1
hadst,1,0,1
proportion,1,0,1
payment,1,0,1
loyalty,1,0,1
payes,1,0,1
growing,1,0,1
enfold,1,0,1
harvest,1,0,1
plenteous,1,0,1
ioyes,1,0,1
wanton,1,0,1
fulness,1,0,1
drops,1,0,1
establish,1,0,1
eldest,1,0,1
unaccompanied,1,0,1
invest,1,0,1
signes,1,0,1
nobleness,1,0,1
deservers,1,0,1
envernes,1,0,1
binde,1,0,1
labor,1,0,1
herbenger,1,0,1
step,1,0,1
ore-leape,1,0,1
fires,1,0,1
desires,1,0,1
winke,1,0,1
commendations,1,0,1
fed,1,0,1
peereless,1,0,1
perfectst,1,0,1
burnt,1,0,1
missives,1,0,1
all-hailed,1,0,1
referred,1,0,1
deliver,1,0,1
greatnesse),1,0,1
mightst,1,0,1
dves,1,0,1
reioycing,1,0,1
kindnesse,1,0,1
neerest,1,0,1
illness,1,0,1
wrongly,1,0,1
winne,1,0,1
thouldst,1,0,1
dost,1,0,1
wishest,1,0,1
chastise,1,0,1
impeides,1,0,1
metaphysicall,1,0,1
ayde,1,0,1
tidings,1,0,1
thourt,1,0,1
wert,1,0,1
informed,1,0,1
speed,1,0,1
scarcely,1,0,1
tending,1,0,1
brings,1,0,1
hoarse,1,0,1
croakes,1,0,1
tend,1,0,1
unsex,1,0,1
top-full,1,0,1
direst,1,0,1
remorse,1,0,1
compunctious,1,0,1
visitings,1,0,1
brests,1,0,1
murthring,1,0,1
where-ever,1,0,1
mischiefe,1,0,1
pall,1,0,1
dunnest,1,0,1
smoake,1,0,1
peepe,1,0,1
blanket,1,0,1
all-haile,1,0,1
transported,1,0,1
future,1,0,1
purposes,1,0,1
booke,1,0,1
matters,1,0,1
begvile,1,0,1
undert,1,0,1
solely,1,0,1
masterdome,1,0,1
alter,1,0,1
favor,1,0,1
nimbly,1,0,1
sweetly,1,0,1
recommends,1,0,1
summer,1,0,1
temple-haunting,1,0,1
barlet,1,0,1
approve,1,0,1
mansonry,1,0,1
wooingly,1,0,1
jutty,1,0,1
frieze,1,0,1
buttrice,1,0,1
coigne,1,0,1
pendant,1,0,1
procreant,1,0,1
cradle,1,0,1
delicate,1,0,1
followes,1,0,1
herein,1,0,1
god-eyld,1,0,1
loades,1,0,1
dignities,1,0,1
heaped,1,0,1
ermites,1,0,1
wheres,1,0,1
courst,1,0,1
purveyor,1,0,1
rides,1,0,1
(sharpe,1,0,1
spurre),1,0,1
holp,1,0,1
compt,1,0,1
audit,1,0,1
sewer,1,0,1
dishes,1,0,1
twer,1,0,1
assassination,1,0,1
trammell,1,0,1
surcease,1,0,1
banke,1,0,1
weeld,1,0,1
jumpe,1,0,1
cases,1,0,1
instructions,1,0,1
plagve,1,0,1
inventer,1,0,1
even-handed,1,0,1
commends,1,0,1
poysoned,1,0,1
challice,1,0,1
faculties,1,0,1
meeke,1,0,1
vertves,1,0,1
pleade,1,0,1
trumpet-tongved,1,0,1
damnation,1,0,1
new-borne-babe,1,0,1
striding,1,0,1
blast,1,0,1
horsed,1,0,1
curriors,1,0,1
spurre,1,0,1
intent,1,0,1
vaulting,1,0,1
ore-leapes,1,0,1
falles,1,0,1
proceed,1,0,1
honoured,1,0,1
opinions,1,0,1
worn,1,0,1
glosse,1,0,1
drunke,1,0,1
drest,1,0,1
wakes,1,0,1
freely,1,0,1
esteemst,1,0,1
ornament,1,0,1
letting,1,0,1
addage,1,0,1
enterprize,1,0,1
durst,1,0,1
adhere,1,0,1
fitness,1,0,1
unmake,1,0,1
sucke,1,0,1
milkes,1,0,1
smyling,1,0,1
pluckt,1,0,1
nipple,1,0,1
boneless,1,0,1
gummes,1,0,1
dasht,1,0,1
sworne,1,0,1
screw,1,0,1
fayle,1,0,1
(whereto,1,0,1
iourney,1,0,1
soundly,1,0,1
chamberlaines,1,0,1
wassell,1,0,1
convince,1,0,1
warder,1,0,1
fume,1,0,1
receit,1,0,1
lymbeck,1,0,1
swinish,1,0,1
drenched,1,0,1
ungvarded,1,0,1
spungy,1,0,1
quell,1,0,1
men-children,1,0,1
undaunted,1,0,1
mettle,1,0,1
compose,1,0,1
griefes,1,0,1
clamor,1,0,1
rore,1,0,1
agent,1,0,1
feat,1,0,1
fairest,1,0,1
secundus,1,0,1
taket,1,0,1
husbandry,1,0,1
candles,1,0,1
restraine,1,0,1
unusvall,1,0,1
largess,1,0,1
diamond,1,0,1
greetes,1,0,1
measureless,1,0,1
unprepared,1,0,1
defect,1,0,1
dreamt,1,0,1
entreat,1,0,1
graunt,1,0,1
kindst,1,0,1
lose,1,0,1
seeking,1,0,1
augment,1,0,1
franchised,1,0,1
allegeance,1,0,1
counsailed,1,0,1
mistress,1,0,1
handle,1,0,1
clutch,1,0,1
sensible,1,0,1
feeling,1,0,1
proceeding,1,0,1
heat-oppressed,1,0,1
forme,1,0,1
palpable,1,0,1
marshallst,1,0,1
dudgeon,1,0,1
gouts,1,0,1
informes,1,0,1
abuse,1,0,1
curtained,1,0,1
witchcraft,1,0,1
celebrates,1,0,1
offrings,1,0,1
alarumed,1,0,1
centinell,1,0,1
howles,1,0,1
stealthy,1,0,1
tarquins,1,0,1
ravishing,1,0,1
designe,1,0,1
sowre,1,0,1
firme-set,1,0,1
steps,1,0,1
prate,1,0,1
where-about,1,0,1
sutes,1,0,1
threat,1,0,1
deedes,1,0,1
invites,1,0,1
drunk,1,0,1
quenched,1,0,1
shrieked,1,0,1
bell-man,1,0,1
sternst,1,0,1
good-night,1,0,1
doores,1,0,1
surfeted,1,0,1
snores,1,0,1
drugged,1,0,1
possets,1,0,1
alack,1,0,1
confounds,1,0,1
layed,1,0,1
resembled,1,0,1
schreame,1,0,1
crickets,1,0,1
ins,1,0,1
addrest,1,0,1
hangmans,1,0,1
listning,1,0,1
deepely,1,0,1
stuck,1,0,1
voyce,1,0,1
knits,1,0,1
raveled,1,0,1
sleeve,1,0,1
labors,1,0,1
balme,1,0,1
nourisher,1,0,1
unbend,1,0,1
braine-sickly,1,0,1
witness,1,0,1
smeare,1,0,1
infirme,1,0,1
pictures,1,0,1
childhood,1,0,1
gvild,1,0,1
appalls,1,0,1
hah,1,0,1
pluck,1,0,1
neptunes,1,0,1
ocean,1,0,1
multitudinous,1,0,1
incarnardine,1,0,1
retyre,1,0,1
cleares,1,0,1
constancie,1,0,1
unattended,1,0,1
watchers,1,0,1
poorely,1,0,1
indeede,1,0,1
belzebub,1,0,1
farmer,1,0,1
napkins,1,0,1
youle,1,0,1
sweat,1,0,1
devils,1,0,1
sweare,1,0,1
scales,1,0,1
eyther,1,0,1
committed,1,0,1
sake,1,0,1
equivocate,1,0,1
faith,1,0,1
stealing,1,0,1
french,1,0,1
hose,1,0,1
rost,1,0,1
goose,1,0,1
devill-porter,1,0,1
professions,1,0,1
primrose,1,0,1
bonfire,1,0,1
carowsing,1,0,1
cock,1,0,1
provoker,1,0,1
provoke,1,0,1
nose-painting,1,0,1
lechery,1,0,1
unprovokes,1,0,1
performance,1,0,1
lecherie,1,0,1
marres,1,0,1
sets,1,0,1
perswades,1,0,1
dis-heartens,1,0,1
conclusion,1,0,1
equivocates,1,0,1
ithe,1,0,1
requited,1,0,1
thinke),1,0,1
legges,1,0,1
slipt,1,0,1
physicks,1,0,1
paine,1,0,1
limitted,1,0,1
appoint,1,0,1
unruly,1,0,1
chimneys,1,0,1
lamentings,1,0,1
schreemes,1,0,1
prophecying,1,0,1
accents,1,0,1
dyre,1,0,1
combustion,1,0,1
events,1,0,1
hatched,1,0,1
wofull,1,0,1
obscure,1,0,1
clamored,1,0,1
live-long,1,0,1
fevorous,1,0,1
twas,1,0,1
rough,1,0,1
paralell,1,0,1
conceive,1,0,1
master-peece,1,0,1
sacrilegious,1,0,1
ope,1,0,1
anoynted,1,0,1
stole,1,0,1
bvilding,1,0,1
maiestie,1,0,1
approch,1,0,1
gorgon,1,0,1
downey,1,0,1
deaths,1,0,1
counterfeit,1,0,1
doomes,1,0,1
hideous,1,0,1
trumpet,1,0,1
parley,1,0,1
sleepers,1,0,1
repetition,1,0,1
masters,1,0,1
duff,1,0,1
contradict,1,0,1
serious,1,0,1
mortalitie,1,0,1
toyes,1,0,1
renown,1,0,1
drawn,1,0,1
lees,1,0,1
vault,1,0,1
brag,1,0,1
amisse,1,0,1
knowt,1,0,1
fountaine,1,0,1
source,1,0,1
fathers,1,0,1
badged,1,0,1
unwiped,1,0,1
stared,1,0,1
distracted,1,0,1
repent,1,0,1
furie,1,0,1
temprate,1,0,1
furious,1,0,1
neutrall,1,0,1
expedition,1,0,1
out-run,1,0,1
pawser,1,0,1
skinn,1,0,1
laced,1,0,1
gashed,1,0,1
stabs,1,0,1
breach,1,0,1
rvines,1,0,1
wastfull,1,0,1
steeped,1,0,1
unmannerly,1,0,1
breeched,1,0,1
gore,1,0,1
refraine,1,0,1
makes,1,0,1
clayme,1,0,1
argument,1,0,1
augure,1,0,1
hole,1,0,1
rush,1,0,1
frailties,1,0,1
exposure,1,0,1
undivulged,1,0,1
pretence,1,0,1
treasonous,1,0,1
briefely,1,0,1
readinesse,1,0,1
hall,1,0,1
contented,1,0,1
consort,1,0,1
unfelt,1,0,1
easie,1,0,1
seperated,1,0,1
neerer,1,0,1
murtherous,1,0,1
shaft,1,0,1
shot,1,0,1
safest,1,0,1
ayme,1,0,1
warrant,1,0,1
theft,1,0,1
steales,1,0,1
threescore,1,0,1
volume,1,0,1
trifled,1,0,1
knowings,1,0,1
ha,1,0,1
seest,1,0,1
threatens,1,0,1
byth,1,0,1
strangles,1,0,1
travailing,1,0,1
lampe,1,0,1
predominance,1,0,1
intombe,1,0,1
tvesday,1,0,1
faulcon,1,0,1
towring,1,0,1
mowsing,1,0,1
hawkt,1,0,1
certaine),1,0,1
beauteous,1,0,1
minions,1,0,1
race,1,0,1
stalls,1,0,1
flong,1,0,1
contending,1,0,1
mankinde,1,0,1
amazement,1,0,1
pretend,1,0,1
subborned,1,0,1
stoln,1,0,1
puts,1,0,1
suspition,1,0,1
thriftless,1,0,1
invested,1,0,1
colmekill,1,0,1
sacred,1,0,1
store-house,1,0,1
predecessors,1,0,1
gvardian,1,0,1
easier,1,0,1
benyson,1,0,1
tertius,1,0,1
playdst,1,0,1
fowly,1,0,1
saide,1,0,1
verities,1,0,1
oracles,1,0,1
hush,1,0,1
senit,1,0,1
sounded,1,0,1
gap,1,0,1
all-thing,1,0,1
unbecomming,1,0,1
solemn,1,0,1
indissoluble,1,0,1
tye,1,0,1
afternoone,1,0,1
prosperous),1,0,1
councell,1,0,1
twixt,1,0,1
borrower,1,0,1
twaine,1,0,1
cozens,1,0,1
bestowed,1,0,1
confessing,1,0,1
parricide,1,0,1
filling,1,0,1
hearers,1,0,1
therewithall,1,0,1
craving,1,0,1
ioyntly,1,0,1
hye,1,0,1
backs,1,0,1
societie,1,0,1
sirrha,1,0,1
safely,1,0,1
sticke,1,0,1
reignes,1,0,1
feared,1,0,1
dauntless,1,0,1
wisdome,1,0,1
gvide,1,0,1
genius,1,0,1
rebuked,1,0,1
mark,1,0,1
anthonies,1,0,1
caesar,1,0,1
chid,1,0,1
prophet-like,1,0,1
hayled,1,0,1
frvitless,1,0,1
scepter,1,0,1
gripe,1,0,1
wrencht,1,0,1
unlineall,1,0,1
filed,1,0,1
rancours,1,0,1
vessell,1,0,1
iewell,1,0,1
lyst,1,0,1
champion,1,0,1
utterance,1,0,1
yesterday,1,0,1
considered,1,0,1
probation,1,0,1
crost,1,0,1
notion,1,0,1
crazed,1,0,1
predominant,1,0,1
gospelled,1,0,1
beggered,1,0,1
catalogve,1,0,1
hounds,1,0,1
greyhounds,1,0,1
mungrels,1,0,1
spaniels,1,0,1
curres,1,0,1
showghes,1,0,1
water-rugs,1,0,1
demy-wolves,1,0,1
clipt,1,0,1
dogges,1,0,1
valved,1,0,1
distingvishes,1,0,1
subtle,1,0,1
house-keeper,1,0,1
hunter,1,0,1
bounteous,1,0,1
closed,1,0,1
bill,1,0,1
writes,1,0,1
ranke,1,0,1
sayt,1,0,1
grapples,1,0,1
vile,1,0,1
blowes,1,0,1
buffets,1,0,1
incensed,1,0,1
reckless,1,0,1
disasters,1,0,1
tugged,1,0,1
mend,1,0,1
rid,1,0,1
thrusts,1,0,1
neerst,1,0,1
bare-faced,1,0,1
sweepe,1,0,1
avouch,1,0,1
wayle,1,0,1
struck,1,0,1
assistance,1,0,1
masking,1,0,1
weighty,1,0,1
reasons,1,0,1
lives-,1,0,1
acquaint,1,0,1
spy,1,0,1
alwayes,1,0,1
cleareness,1,0,1
rubs,1,0,1
botches,1,0,1
companie,1,0,1
materiall,1,0,1
embrace,1,0,1
resolve,1,0,1
apart,1,0,1
resolved,1,0,1
returnes,1,0,1
noughts,1,0,1
dwell,1,0,1
sorryest,1,0,1
companions,1,0,1
using,1,0,1
remedie,1,0,1
scorched,1,0,1
sheele,1,0,1
whilest,1,0,1
frame,1,0,1
dis-ioynt,1,0,1
worlds,1,0,1
meale,1,0,1
affliction,1,0,1
nightly,1,0,1
torture,1,0,1
restless,1,0,1
extasie,1,0,1
lifes,1,0,1
fitfull,1,0,1
fever,1,0,1
sleepes,1,0,1
poyson,1,0,1
domestique,1,0,1
forraine,1,0,1
levy,1,0,1
sleeke,1,0,1
ioviall,1,0,1
gvests,1,0,1
apply,1,0,1
eminence,1,0,1
unsafe,1,0,1
lave,1,0,1
flattering,1,0,1
streames,1,0,1
vizards,1,0,1
disgvising,1,0,1
scorpions,1,0,1
knowst,1,0,1
coppies,1,0,1
etern,1,0,1
assaileable,1,0,1
iocund,1,0,1
flowne,1,0,1
cloystered,1,0,1
shard-born,1,0,1
beetle,1,0,1
drowsy,1,0,1
rung,1,0,1
yawning,1,0,1
peale,1,0,1
chuck,1,0,1
seeling,1,0,1
skarfe,1,0,1
invisible,1,0,1
cancell,1,0,1
pieces,1,0,1
thickens,1,0,1
crow,1,0,1
rooky,1,0,1
droope,1,0,1
drowse,1,0,1
agents,1,0,1
preys,1,0,1
rowse,1,0,1
marvellst,1,0,1
ioyne,1,0,1
mistrust,1,0,1
delivers,1,0,1
glimmers,1,0,1
streakes,1,0,1
spurres,1,0,1
lated,1,0,1
inn,1,0,1
approches,1,0,1
usvally,1,0,1
rayne,1,0,1
trecherie,1,0,1
affaire,1,0,1
hearty,1,0,1
hostess,1,0,1
speakes,1,0,1
encounter,1,0,1
harts,1,0,1
midst,1,0,1
cut-throats,1,0,1
didst,1,0,1
non-pareill,1,0,1
scaped,1,0,1
founded,1,0,1
rocke,1,0,1
casing,1,0,1
cabined,1,0,1
cribed,1,0,1
confined,1,0,1
ditch,1,0,1
bides,1,0,1
trenched,1,0,1
worme,1,0,1
teeth,1,0,1
murderer,1,0,1
vouched,1,0,1
feede,1,0,1
remembrancer,1,0,1
digestion,1,0,1
waite,1,0,1
appetite,1,0,1
mayt,1,0,1
roofed,1,0,1
graced,1,0,1
challenge,1,0,1
unkindnesse,1,0,1
mischance,1,0,1
(sir),1,0,1
layes,1,0,1
pleast,1,0,1
tables,1,0,1
reserved,1,0,1
goary,1,0,1
youth,1,0,1
momentary,1,0,1
offend,1,0,1
extend,1,0,1
appall,1,0,1
painting,1,0,1
ayre-drawne-dagger,1,0,1
flawes,1,0,1
starts,1,0,1
(impostors,1,0,1
feare),1,0,1
winters,1,0,1
authorized,1,0,1
grandam,1,0,1
stoole,1,0,1
loe,1,0,1
nod,1,0,1
charnell,1,0,1
bury,1,0,1
monuments,1,0,1
mawes,1,0,1
kytes,1,0,1
quite,1,0,1
unmanned,1,0,1
fy,1,0,1
olden,1,0,1
statute,1,0,1
purged,1,0,1
performed,1,0,1
crownes,1,0,1
stooles,1,0,1
muse,1,0,1
infirmity,1,0,1
thirst,1,0,1
pledge,1,0,1
avant,1,0,1
quit,1,0,1
marrowless,1,0,1
speculation,1,0,1
glare,1,0,1
peeres,1,0,1
spoyles,1,0,1
russian,1,0,1
rhinoceros,1,0,1
hircan,1,0,1
nerves,1,0,1
tremble,1,0,1
desart,1,0,1
trembling,1,0,1
inhabit,1,0,1
baby,1,0,1
girle,1,0,1
unreall,1,0,1
mockry,1,0,1
displaced,1,0,1
admired,1,0,1
overcome,1,0,1
summers,1,0,1
clowd,1,0,1
speciall,1,0,1
ruby,1,0,1
blanched,1,0,1
enrages,1,0,1
augures,1,0,1
understood,1,0,1
relations,1,0,1
maggot,1,0,1
pyes,1,0,1
choughes,1,0,1
rookes,1,0,1
secretst,1,0,1
oddes,1,0,1
sayst,1,0,1
denies,1,0,1
bidding,1,0,1
(and,1,0,1
will),1,0,1
stept,1,0,1
wade,1,0,1
returning,1,0,1
tedious,1,0,1
ore,1,0,1
acted,1,0,1
scand,1,0,1
self-abuse,1,0,1
initiate,1,0,1
angerly,1,0,1
(beldams),1,0,1
over-bold,1,0,1
trafficke,1,0,1
riddles,1,0,1
affaires,1,0,1
mistris,1,0,1
contriver,1,0,1
wayward,1,0,1
spightfull,1,0,1
wrathfull,1,0,1
gon,1,0,1
pit,1,0,1
acheron,1,0,1
meete,1,0,1
destinie,1,0,1
spels,1,0,1
noone,1,0,1
corner,1,0,1
hangs,1,0,1
vaprous,1,0,1
profound,1,0,1
distilled,1,0,1
magicke,1,0,1
slights,1,0,1
artificiall,1,0,1
illusion,1,0,1
spurn,1,0,1
bove,1,0,1
security,1,0,1
mortals,1,0,1
cheefest,1,0,1
foggy,1,0,1
cloud,1,0,1
stayes,1,0,1
sheel,1,0,1
interpret,1,0,1
pittied,1,0,1
(ift,1,0,1
monstrous,1,0,1
fact,1,0,1
delinquents,1,0,1
slaves,1,0,1
thralles,1,0,1
nobly,1,0,1
wisely,1,0,1
twould,1,0,1
angered,1,0,1
denyt,1,0,1
andt,1,0,1
not),1,0,1
fayled,1,0,1
bestowes,1,0,1
(from,1,0,1
holds,1,0,1
birth),1,0,1
receyved,1,0,1
edward,1,0,1
malevolence,1,0,1
ayd,1,0,1
northumberland,1,0,1
above),1,0,1
ratify,1,0,1
worke),1,0,1
banquets,1,0,1
knives,1,0,1
faithfull,1,0,1
homage,1,0,1
exasperate,1,0,1
prepares,1,0,1
clowdy,1,0,1
turnes,1,0,1
rve,1,0,1
clogges,1,0,1
unfold,1,0,1
suffering,1,0,1
quartus,1,0,1
brinded,1,0,1
mewed,1,0,1
hedge-pigge,1,0,1
whined,1,0,1
harpier,1,0,1
poysond,1,0,1
entrailes,1,0,1
toad,1,0,1
sweltred,1,0,1
pot,1,0,1
toile,1,0,1
fillet,1,0,1
fenny,1,0,1
bake,1,0,1
newt,1,0,1
frogge,1,0,1
wooll,1,0,1
dogge,1,0,1
adders,1,0,1
forke,1,0,1
blinde-wormes,1,0,1
sting,1,0,1
lizards,1,0,1
legge,1,0,1
howlets,1,0,1
powrefull,1,0,1
hell-broth,1,0,1
dragon,1,0,1
mummey,1,0,1
maw,1,0,1
gulfe,1,0,1
ravined,1,0,1
sharke,1,0,1
hemlocke,1,0,1
liver,1,0,1
blaspheming,1,0,1
iew,1,0,1
goate,1,0,1
slippes,1,0,1
yew,1,0,1
slivered,1,0,1
moones,1,0,1
ecclipse,1,0,1
nose,1,0,1
turke,1,0,1
tartars,1,0,1
birth-strangled,1,0,1
ditch-delivered,1,0,1
drab,1,0,1
grewell,1,0,1
thicke,1,0,1
slab,1,0,1
thereto,1,0,1
chawdron,1,0,1
cawdron,1,0,1
baboones,1,0,1
share,1,0,1
gaines,1,0,1
elves,1,0,1
fairies,1,0,1
inchanting,1,0,1
pricking,1,0,1
thumbes,1,0,1
knockes,1,0,1
midnight,1,0,1
hags,1,0,1
coniure,1,0,1
professe,1,0,1
(how,1,0,1
untye,1,0,1
windes,1,0,1
yesty,1,0,1
waves,1,0,1
swallow,1,0,1
bladed,1,0,1
topple,1,0,1
warders,1,0,1
pallaces,1,0,1
pyramids,1,0,1
slope,1,0,1
foundations,1,0,1
germaine,1,0,1
tumble,1,0,1
aske,1,0,1
thhadst,1,0,1
mouthes,1,0,1
masters,1,0,1
sowes,1,0,1
farrow,1,0,1
greaze,1,0,1
sweaten,1,0,1
murderers,1,0,1
gibbet,1,0,1
flame,1,0,1
deaftly,1,0,1
nought,1,0,1
dismisse,1,0,1
harped,1,0,1
potent,1,0,1
apparition,1,0,1
iled,1,0,1
resolute,1,0,1
pale-hearted,1,0,1
rises,1,0,1
weares,1,0,1
baby-brow,1,0,1
listen,1,0,1
metled,1,0,1
chafes,1,0,1
conspirers,1,0,1
vanquished,1,0,1
untill,1,0,1
byrnam,1,0,1
dunsmane,1,0,1
descend,1,0,1
earth-bound,1,0,1
boadments,1,0,1
lease,1,0,1
throbs,1,0,1
kingdome,1,0,1
shadowes,1,0,1
eye-bals,1,0,1
gold-bound-brow,1,0,1
hagges,1,0,1
-,1,0,1
fourth,1,0,1
stretch,1,0,1
toth,1,0,1
cracke,1,0,1
doome,1,0,1
seaventh,1,0,1
eighth,1,0,1
appeares,1,0,1
shewes,1,0,1
two-fold,1,0,1
balles,1,0,1
trebble,1,0,1
scepters,1,0,1
blood-boltered,1,0,1
amazedly,1,0,1
delights,1,0,1
antique,1,0,1
dance,1,0,1
pernitious,1,0,1
aye,1,0,1
kalender,1,0,1
whereon,1,0,1
gallopping,1,0,1
anticipatst,1,0,1
dread,1,0,1
exploits,1,0,1
flighty,1,0,1
ore-tooke,1,0,1
unless,1,0,1
thoght,1,0,1
surprize,1,0,1
unfortunate,1,0,1
trace,1,0,1
boasting,1,0,1
macduffes,1,0,1
madam,1,0,1
madness,1,0,1
actions,1,0,1
wisedom,1,0,1
mansion,1,0,1
wren,1,0,1
diminitive,1,0,1
birds),1,0,1
nest,1,0,1
runnes,1,0,1
deerest,1,0,1
cooz,1,0,1
judicious,1,0,1
fits,1,0,1
rumor,1,0,1
floate,1,0,1
cease,1,0,1
climbe,1,0,1
upward,1,0,1
cosine,1,0,1
fathered,1,0,1
father-lesse,1,0,1
sirra,1,0,1
wormes,1,0,1
flyes,1,0,1
thovedst,1,0,1
pitfall,1,0,1
gin,1,0,1
bvy,1,0,1
market,1,0,1
sell,1,0,1
ifaith,1,0,1
sweares,1,0,1
liars,1,0,1
fools,1,0,1
lyars,1,0,1
monkie,1,0,1
youled,1,0,1
signe,1,0,1
quickely,1,0,1
pratler,1,0,1
talkst,1,0,1
dame,1,0,1
neerely,1,0,1
homely,1,0,1
fright,1,0,1
thinkes,1,0,1
ny,1,0,1
preserve,1,0,1
earthly,1,0,1
laudable,1,0,1
dangerous,1,0,1
(alas),1,0,1
womanly,1,0,1
unsanctified,1,0,1
lyst,1,0,1
shagge-eared,1,0,1
egge,1,0,1
fry,1,0,1
treachery,1,0,1
run,1,0,1
crying,1,0,1
shade,1,0,1
sad,1,0,1
empty,1,0,1
bestride,1,0,1
downfall,1,0,1
birthdome,1,0,1
morne,1,0,1
widdowes,1,0,1
howle,1,0,1
orphans,1,0,1
sorowes,1,0,1
resounds,1,0,1
felt,1,0,1
yelled,1,0,1
dolour,1,0,1
waile,1,0,1
redresse,1,0,1
wil,1,0,1
sole,1,0,1
blisters,1,0,1
touched,1,0,1
appease,1,0,1
angry,1,0,1
treacherous,1,0,1
vertvous,1,0,1
transpose,1,0,1
brightest,1,0,1
brows,1,0,1
rawness,1,0,1
motives,1,0,1
knots,1,0,1
iealousies,1,0,1
dishonors,1,0,1
safeties,1,0,1
rightly,1,0,1
tyrrany,1,0,1
basis,1,0,1
check,1,0,1
wrongs,1,0,1
thinkst,1,0,1
graspe,1,0,1
boot,1,0,1
offended,1,0,1
beneath,1,0,1
yoake,1,0,1
weepes,1,0,1
bleeds,1,0,1
gash,1,0,1
uplifted,1,0,1
thousands,1,0,1
treade,1,0,1
succeede,1,0,1
grafted,1,0,1
compared,1,0,1
confineless,1,0,1
legions,1,0,1
grant,1,0,1
luxurious,1,0,1
avaricious,1,0,1
deceitfull,1,0,1
sodaine,1,0,1
malicious,1,0,1
smacking,1,0,1
sinne,1,0,1
bottome,1,0,1
voluptvousness,1,0,1
matrons,1,0,1
maides,1,0,1
cestern,1,0,1
continent,1,0,1
impediments,1,0,1
ore-beare,1,0,1
oppose,1,0,1
boundless,1,0,1
intemperance,1,0,1
emptying,1,0,1
pleasures,1,0,1
hoodwinke,1,0,1
dames,1,0,1
vulture,1,0,1
devoure,1,0,1
dedicate,1,0,1
inclinde,1,0,1
ill-composd,1,0,1
stanchless,1,0,1
nobles,1,0,1
lands,1,0,1
iewels,1,0,1
more-having,1,0,1
hunger,1,0,1
forge,1,0,1
quarrels,1,0,1
uniust,1,0,1
destroying,1,0,1
wealth,1,0,1
stickes,1,0,1
pernicious,1,0,1
summer-seeming,1,0,1
foysons,1,0,1
portable,1,0,1
king-becoming,1,0,1
verity,1,0,1
temprance,1,0,1
stablenesse,1,0,1
perseverance,1,0,1
lowlinesse,1,0,1
devotion,1,0,1
fortitude,1,0,1
rellish,1,0,1
division,1,0,1
crime,1,0,1
acting,1,0,1
concord,1,0,1
uprore,1,0,1
universall,1,0,1
unity,1,0,1
natio[n],1,0,1
miserable,1,0,1
untitled,1,0,1
sceptred,1,0,1
wholsome,1,0,1
trvest,1,0,1
interdiction,1,0,1
accust,1,0,1
blaspheme,1,0,1
sainted-king,1,0,1
bore,1,0,1
oftner,1,0,1
repeatst,1,0,1
banished,1,0,1
integrity,1,0,1
wiped,1,0,1
reconciled,1,0,1
divellish,1,0,1
traines,1,0,1
win,1,0,1
modest,1,0,1
pluckes,1,0,1
over-credulous,1,0,1
deale,1,0,1
unspeake,1,0,1
detraction,1,0,1
abiure,1,0,1
taints,1,0,1
blames,1,0,1
laide,1,0,1
forsworne,1,0,1
scarsely,1,0,1
coveted,1,0,1
betray,1,0,1
speaking,1,0,1
goodnesse,1,0,1
warranted,1,0,1
quarrell,1,0,1
unwelcom,1,0,1
reconcile,1,0,1
crew,1,0,1
malady,1,0,1
convinces,1,0,1
assay,1,0,1
sanctity,1,0,1
amend,1,0,1
tis,1,0,1
evill,1,0,1
myraculous,1,0,1
remaine,1,0,1
solicites,1,0,1
visited,1,0,1
swoln,1,0,1
ulcerous,1,0,1
surgery,1,0,1
cures,1,0,1
stampe,1,0,1
neckes,1,0,1
benediction,1,0,1
vertve,1,0,1
gvift,1,0,1
prophesie,1,0,1
blessings,1,0,1
countryman,1,0,1
cozen,1,0,1
countrey,1,0,1
sighes,1,0,1
groanes,1,0,1
shrieks,1,0,1
rent,1,0,1
modern,1,0,1
extasy,1,0,1
deadmans,1,0,1
scarse,1,0,1
expire,1,0,1
caps,1,0,1
dying,1,0,1
nice,1,0,1
hisse,1,0,1
speaker,1,0,1
teemes,1,0,1
battered,1,0,1
niggard,1,0,1
gost,1,0,1
transport,1,0,1
tydings,1,0,1
heavily,1,0,1
rumour,1,0,1
witnest,1,0,1
a-foot,1,0,1
create,1,0,1
soldiours,1,0,1
doffe,1,0,1
dire,1,0,1
distresses,1,0,1
beet,1,0,1
lent,1,0,1
older,1,0,1
christendome,1,0,1
howled,1,0,1
desert,1,0,1
latch,1,0,1
concern,1,0,1
fee-griefe,1,0,1
shares,1,0,1
pertaines,1,0,1
dispise,1,0,1
possess,1,0,1
heaviest,1,0,1
humh,1,0,1
gvess,1,0,1
surprized,1,0,1
savagely,1,0,1
slaughtered,1,0,1
browes,1,0,1
whispers,1,0,1
ore-fraught,1,0,1
bids,1,0,1
ro,1,0,1
kiled,1,0,1
comforted,1,0,1
medcines,1,0,1
deadly,1,0,1
greefe,1,0,1
hell-kite,1,0,1
chickens,1,0,1
damme,1,0,1
swoope,1,0,1
dispute,1,0,1
sinfull,1,0,1
strooke,1,0,1
naught,1,0,1
demerits,1,0,1
slaughter,1,0,1
whetstone,1,0,1
convert,1,0,1
anger,1,0,1
blunt,1,0,1
enrage,1,0,1
braggart,1,0,1
short,1,0,1
intermission,1,0,1
length,1,0,1
scape,1,0,1
ripe,1,0,1
shaking,1,0,1
powres,1,0,1
quintus,1,0,1
wayting,1,0,1
gentlewoman,1,0,1
watched,1,0,1
perceive,1,0,1
uppon,1,0,1
unlocke,1,0,1
closset,1,0,1
paper,1,0,1
folde,1,0,1
afterwards,1,0,1
seale,1,0,1
perturbation,1,0,1
receyve,1,0,1
benefit,1,0,1
watching,1,0,1
slumbry,1,0,1
agitation,1,0,1
actvall,1,0,1
performances,1,0,1
witnesse,1,0,1
confirme,1,0,1
taper,1,0,1
lo,1,0,1
gvise,1,0,1
continvally,1,0,1
sense,1,0,1
rubbes,1,0,1
accustomed,1,0,1
action,1,0,1
washing,1,0,1
quarter,1,0,1
heark,1,0,1
speaks,1,0,1
murky,1,0,1
fye,1,0,1
fie,1,0,1
accompt,1,0,1
olde,1,0,1
marre,1,0,1
starting,1,0,1
perfumes,1,0,1
arabia,1,0,1
sweeten,1,0,1
sigh,1,0,1
sorely,1,0,1
walkt,1,0,1
beds,1,0,1
ons,1,0,1
directly,1,0,1
whisprings,1,0,1
deafe,1,0,1
discharge,1,0,1
needs,1,0,1
physitian,1,0,1
annoyance,1,0,1
mated,1,0,1
unkle,1,0,1
revenges,1,0,1
grim,1,0,1
alarme,1,0,1
excite,1,0,1
mortified,1,0,1
brother,1,0,1
gentry,1,0,1
unruffe,1,0,1
youths,1,0,1
fortifies,1,0,1
buckle,1,0,1
distempered,1,0,1
belt,1,0,1
rule,1,0,1
minutely,1,0,1
revolts,1,0,1
upbraid,1,0,1
faith-breach,1,0,1
commands,1,0,1
giants,1,0,1
dwarfish,1,0,1
theefe,1,0,1
pestered,1,0,1
condemne,1,0,1
medcine,1,0,1
dew,1,0,1
weeds,1,0,1
birnan,1,0,1
reports,1,0,1
taint,1,0,1
consequences,1,0,1
pronounced,1,0,1
epicures,1,0,1
sagge,1,0,1
damn,1,0,1
cream-faced,1,0,1
loone,1,0,1
gotst,1,0,1
goose-looke,1,0,1
geese,1,0,1
over-red,1,0,1
lilly-livered,1,0,1
patch,1,0,1
linnen,1,0,1
counsailers,1,0,1
whay-face,1,0,1
dis-eate,1,0,1
faln,1,0,1
accompany,1,0,1
old-age,1,0,1
troopes,1,0,1
steed,1,0,1
curses,1,0,1
lowd,1,0,1
mouth-honor,1,0,1
faine,1,0,1
hackt,1,0,1
seyt,1,0,1
moe,1,0,1
skirre,1,0,1
talke,1,0,1
sicke,1,0,1
thicke-comming,1,0,1
canst,1,0,1
diseased,1,0,1
plucke,1,0,1
rooted,1,0,1
raze,1,0,1
oblivious,1,0,1
antidote,1,0,1
cleanse,1,0,1
stufft,1,0,1
perillous,1,0,1
weighes,1,0,1
dogs,1,0,1
armour,1,0,1
staffe,1,0,1
pristine,1,0,1
eccho,1,0,1
pullt,1,0,1
rubarb,1,0,1
cyme,1,0,1
purgative,1,0,1
drugge,1,0,1
scowre,1,0,1
hearst,1,0,1
bane,1,0,1
profit,1,0,1
cosins,1,0,1
seyw,1,0,1
hew,1,0,1
bough,1,0,1
beart,1,0,1
hoast,1,0,1
erre,1,0,1
syw,1,0,1
confident,1,0,1
indure,1,0,1
befort,1,0,1
advantage,1,0,1
constrained,1,0,1
absent,1,0,1
censures,1,0,1
event,1,0,1
industrious,1,0,1
souldiership,1,0,1
approaches,1,0,1
decision,1,0,1
speculative,1,0,1
unsure,1,0,1
arbitrate,1,0,1
advance,1,0,1
outward,1,0,1
siedge,1,0,1
agve,1,0,1
darefull,1,0,1
backward,1,0,1
cooled,1,0,1
night-shrieke,1,0,1
treatise,1,0,1
rowze,1,0,1
int,1,0,1
horrors,1,0,1
direness,1,0,1
slaughterous,1,0,1
lord),1,0,1
heereafter,1,0,1
creepes,1,0,1
petty,1,0,1
recorded,1,0,1
yesterdayes,1,0,1
dusty,1,0,1
breefe,1,0,1
candle,1,0,1
player,1,0,1
struts,1,0,1
ideot,1,0,1
signifying,1,0,1
comst,1,0,1
lyar,1,0,1
endure,1,0,1
wrath,1,0,1
moving,1,0,1
grove,1,0,1
resolution,1,0,1
equivocation,1,0,1
avouches,1,0,1
appeare,1,0,1
tarrying,1,0,1
ginn,1,0,1
a-weary,1,0,1
undon,1,0,1
harness,1,0,1
boughes,1,0,1
leavy,1,0,1
skreenes,1,0,1
unkle),1,0,1
leade,1,0,1
battell,1,0,1
trumpets,1,0,1
clamorous,1,0,1
harbingers,1,0,1
continved,1,0,1
stake,1,0,1
beare-like,1,0,1
thoult,1,0,1
callst,1,0,1
hoter,1,0,1
names,1,0,1
hatefull,1,0,1
fearefull,1,0,1
lyest,1,0,1
abhorred,1,0,1
prove,1,0,1
weapons,1,0,1
brandished,1,0,1
beest,1,0,1
stroake,1,0,1
childrens,1,0,1
ghosts,1,0,1
hyred,1,0,1
staves,1,0,1
unbattered,1,0,1
sheath,1,0,1
undeeded,1,0,1
shouldst,1,0,1
clatter,1,0,1
brvited,1,0,1
gently,1,0,1
rendred,1,0,1
bravely,1,0,1
professes,1,0,1
roman,1,0,1
hell-hound,1,0,1
avoyded,1,0,1
bloodier,1,0,1
tearmes,1,0,1
loosest,1,0,1
intrenchant,1,0,1
vulnerable,1,0,1
crests,1,0,1
mothers,1,0,1
womb,1,0,1
ript,1,0,1
tels,1,0,1
cowed,1,0,1
jugling,1,0,1
fiends,1,0,1
beleeved,1,0,1
palter,1,0,1
sence,1,0,1
gaze,1,0,1
rarer,1,0,1
monsters,1,0,1
pole,1,0,1
under-writ,1,0,1
malcolmes,1,0,1
baited,1,0,1
rabbles,1,0,1
opposed,1,0,1
shield,1,0,1
retreat,1,0,1
cheapely,1,0,1
missing,1,0,1
debt,1,0,1
prowess,1,0,1
unshrinking,1,0,1
measured,1,0,1
hurts,1,0,1
soldier,1,0,1
haires,1,0,1
fairer,1,0,1
knolled,1,0,1
parted,1,0,1
score,1,0,1
newer,1,0,1
usurpers,1,0,1
compast,1,0,1
pearle,1,0,1
salutation,1,0,1
voyces,1,0,1
alowd,1,0,1
expence,1,0,1
henceforth,1,0,1
earles,1,0,1
planted,1,0,1
newly,1,0,1
calling,1,0,1
exiled,1,0,1
snares,1,0,1
watchfull,1,0,1
butcher,1,0,1
fiend-like,1,0,1
thought),1,0,1
calls,1,0,1
sailed,0,1,1
year),0,1,1
japan,0,1,1
wind,0,1,1
arose,0,1,1
failed,0,1,1
wilderness,0,1,1
lift,0,1,1
showeth,0,1,1
beginning,0,1,1
perish,0,1,1
evening,0,1,1
kenning,0,1,1
clouds,0,1,1
continents,0,1,1
hitherto,0,1,1
dawning,0,1,1
plainly,0,1,1
boscage,0,1,1
dark,0,1,1
halfs,0,1,1
entered,0,1,1
bastons,0,1,1
forbidding,0,1,1
fierceness,0,1,1
discomforted,0,1,1
advising,0,1,1
tipstaff,0,1,1
tipped,0,1,1
distrust,0,1,1
(somewhat,0,1,1
yellower,0,1,1
writing,0,1,1
flexible),0,1,1
foremost,0,1,1
hebrew,0,1,1
greek,0,1,1
latin,0,1,1
school,0,1,1
sixteen,0,1,1
meanwhile,0,1,1
help,0,1,1
repairs,0,1,1
belongeth,0,1,1
signed,0,1,1
stamp,0,1,1
cherubim,0,1,1
spread,0,1,1
downwards,0,1,1
consulting,0,1,1
hereupon,0,1,1
perplexed,0,1,1
denial,0,1,1
landing,0,1,1
hasty,0,1,1
rejoicing,0,1,1
presage,0,1,1
calms,0,1,1
contrary,0,1,1
adding,0,1,1
pleased,0,1,1
deal,0,1,1
supply,0,1,1
chargeable,0,1,1
crimson,0,1,1
tools,0,1,1
hours,0,1,1
chamolet,0,1,1
azure,0,1,1
glossy,0,1,1
huge,0,1,1
turkish,0,1,1
turbans,0,1,1
brims,0,1,1
followed,0,1,1
flightshot,0,1,1
ship-boat,0,1,1
described,0,1,1
loud,0,1,1
are,0,1,1
christians,0,1,1
were,0,1,1
fearing,0,1,1
subscription,0,1,1
lifted,0,1,1
thank,0,1,1
god),0,1,1
(all,0,1,1
merits,0,1,1
pirates,0,1,1
lawfully,0,1,1
unlawfully,0,1,1
oath,0,1,1
conservator,0,1,1
distance,0,1,1
singular,0,1,1
infectious,0,1,1
orange,0,1,1
orange-tawney,0,1,1
odour,0,1,1
preservative,0,1,1
infection,0,1,1
by,0,1,1
merits,0,1,1
labour,0,1,1
meaning,0,1,1
salary,0,1,1
learned),0,1,1
rewards,0,1,1
early,0,1,1
prevented,0,1,1
for,0,1,1
follow,0,1,1
reward,0,1,1
guide,0,1,1
streets,0,1,1
row,0,1,1
bluer,0,1,1
cambric,0,1,1
oiled,0,1,1
stairs,0,1,1
sick,0,1,1
(sick,0,1,1
whole),0,1,1
seventeen,0,1,1
cheerful,0,1,1
furnished,0,1,1
civilly,0,1,1
dorture,0,1,1
showed,0,1,1
along,0,1,1
window),0,1,1
seventeen,0,1,1
neat,0,1,1
partitions,0,1,1
(many,0,1,1
),0,1,1
infirmary,0,1,1
waxed,0,1,1
removed,0,1,1
cell,0,1,1
command),0,1,1
ship),0,1,1
doors,0,1,1
restrained,0,1,1
ease,0,1,1
abroad,0,1,1
manifested,0,1,1
smiled,0,1,1
viands,0,1,1
treat,0,1,1
collegiate,0,1,1
diet,0,1,1
wholesome,0,1,1
grape,0,1,1
grain,0,1,1
ale,0,1,1
cider,0,1,1
refreshing,0,1,1
oranges,0,1,1
assured,0,1,1
box,0,1,1
gray,0,1,1
whitish,0,1,1
wished,0,1,1
hasten,0,1,1
recovery,0,1,1
carriage,0,1,1
goods,0,1,1
assembled,0,1,1
jonas,0,1,1
whales,0,1,1
belly,0,1,1
deliverance,0,1,1
reform,0,1,1
piety,0,1,1
unworthiness,0,1,1
courtesy),0,1,1
cloistered,0,1,1
conditions,0,1,1
banish,0,1,1
attendance,0,1,1
weal,0,1,1
behave,0,1,1
people,0,1,1
admonition,0,1,1
soberly,0,1,1
civilly,0,1,1
offence,0,1,1
expired,0,1,1
amendment,0,1,1
pool,0,1,1
mended,0,1,1
lowly,0,1,1
submissive,0,1,1
sentence,0,1,1
staid,0,1,1
avoided,0,1,1
vocation,0,1,1
chiefly,0,1,1
christians,0,1,1
unwilling,0,1,1
license,0,1,1
weeks,0,1,1
precise,0,1,1
obtain,0,1,1
aforehand,0,1,1
revenue,0,1,1
thirty-seven,0,1,1
defray,0,1,1
karan,0,1,1
from,0,1,1
especial,0,1,1
leave,0,1,1
admiring,0,1,1
parent-like,0,1,1
usage,0,1,1
express,0,1,1
offers,0,1,1
picture,0,1,1
jaws,0,1,1
consolations,0,1,1
obey,0,1,1
impossible,0,1,1
enflamed,0,1,1
tread,0,1,1
ground,0,1,1
roofs,0,1,1
mouths,0,1,1
prayers,0,1,1
besought,0,1,1
accept,0,1,1
bounden,0,1,1
presenting,0,1,1
priests,0,1,1
brotherly,0,1,1
bodies,0,1,1
tenderness,0,1,1
kindness,0,1,1
prevent,0,1,1
comforts,0,1,1
expected,0,1,1
salutations,0,1,1
familiarly,0,1,1
us,0,1,1
meaner,0,1,1
abroad),0,1,1
bensalem,0,1,1
language),0,1,1
have,0,1,1
solitary,0,1,1
travellers,0,1,1
habitable,0,1,1
fittest,0,1,1
entertainment,0,1,1
you,0,1,1
conceived,0,1,1
worldly,0,1,1
all,0,1,1
(we,0,1,1
since,0,1,1
christians),0,1,1
divided,0,1,1
converted,0,1,1
faith,0,1,1
contentment,0,1,1
asking,0,1,1
seek,0,1,1
briefly,0,1,1
about,0,1,1
ascension,0,1,1
renfusa,0,1,1
eastern,0,1,1
island),0,1,1
cloudy,0,1,1
calm),0,1,1
column,0,1,1
cylinder,0,1,1
rising,0,1,1
resplendent,0,1,1
spectacle,0,1,1
sands,0,1,1
(about),0,1,1
sixty,0,1,1
theatre,0,1,1
beholding,0,1,1
brethren),0,1,1
attentively,0,1,1
devoutly,0,1,1
viewed,0,1,1
contemplated,0,1,1
raised,0,1,1
`lord,0,1,1
vouchsafed,0,1,1
appertaineth,0,1,1
men),0,1,1
forasmuch,0,1,1
workest,0,1,1
exceedest,0,1,1
cause),0,1,1
beseech,0,1,1
interpretation,0,1,1
secretly,0,1,1
us,0,1,1
when,0,1,1
prayer,0,1,1
moveable,0,1,1
unbound,0,1,1
rowed,0,1,1
brake,0,1,1
firmament,0,1,1
stars,0,1,1
chest,0,1,1
wet,0,1,1
swam,0,1,1
grew,0,1,1
branch,0,1,1
wrapped,0,1,1
sindons,0,1,1
canonical,0,1,1
receive),0,1,1
apocalypse,0,1,1
`i,0,1,1
bartholomew,0,1,1
angel,0,1,1
commit,0,1,1
floods,0,1,1
good-will,0,1,1
jesus,0,1,1
writings,0,1,1
conform,0,1,1
apostles,0,1,1
indians,0,1,1
natives,0,1,1
infidelity,0,1,1
remainder,0,1,1
water),0,1,1
apostolical,0,1,1
evangelism,0,1,1
bartholomew,0,1,1
immediately,0,1,1
excused,0,1,1
abruptly,0,1,1
agreeable,0,1,1
dangers,0,1,1
fears,0,1,1
life,0,1,1
well,0,1,1
part,0,1,1
lest,0,1,1
presume,0,1,1
encouraged,0,1,1
vowed,0,1,1
professed,0,1,1
servants),0,1,1
hardiness,0,1,1
propound,0,1,1
rejected,0,1,1
considering,0,1,1
(notwithstanding,0,1,1
navigations,0,1,1
age),0,1,1
inkling,0,1,1
glimpse,0,1,1
inter-knowledge,0,1,1
stayeth,0,1,1
suffice,0,1,1
mutual,0,1,1
arrive,0,1,1
rested,0,1,1
conclave,0,1,1
lie,0,1,1
conditioner,0,1,1
propriety,0,1,1
beings,0,1,1
unseen,0,1,1
imported,0,1,1
magicians,0,1,1
countries,0,1,1
humbleness,0,1,1
merrily,0,1,1
apt,0,1,1
supernatural,0,1,1
angelical,0,1,1
magical,0,1,1
doubtful,0,1,1
conceit,0,1,1
remembered,0,1,1
strangers,0,1,1
reserve,0,1,1
lawful,0,1,1
perhaps,0,1,1
credible),0,1,1
(especially,0,1,1
voyages),0,1,1
increased,0,1,1
six-score,0,1,1
example,0,1,1
confidence,0,1,1
adventure,0,1,1
phoenicians,0,1,1
tyrians,0,1,1
fleets,0,1,1
carthaginians,0,1,1
colony,0,1,1
egypt,0,1,1
palestine,0,1,1
junks,0,1,1
canoes,0,1,1
abounded,0,1,1
tall,0,1,1
registers,0,1,1
sparing,0,1,1
frequented,0,1,1
pass),0,1,1
sailors,0,1,1
chaldeans,0,1,1
arabians,0,1,1
fame,0,1,1
resorted,0,1,1
tribes,0,1,1
straits,0,1,1
pillars,0,1,1
hercules,0,1,1
paguin,0,1,1
cambaline),0,1,1
quinzy,0,1,1
oriental,0,1,1
tartary,0,1,1
narration,0,1,1
description,0,1,1
neptune,0,1,1
planted,0,1,1
magnificent,0,1,1
palace,0,1,1
manifold,0,1,1
navigable,0,1,1
chains,0,1,1
environed,0,1,1
site,0,1,1
temple),0,1,1
ascent,0,1,1
climb,0,1,1
scala,0,1,1
coeli,0,1,1
poetical,0,1,1
fabulous,0,1,1
mexico,0,1,1
kingdoms,0,1,1
years),0,1,1
expeditions,0,1,1
author,0,1,1
egyptian,0,1,1
cited,0,1,1
athenians,0,1,1
repulse,0,1,1
resistance,0,1,1
forces,0,1,1
clemency,0,1,1
altabin),0,1,1
warrior,0,1,1
handled,0,1,1
land-forces,0,1,1
entoiled,0,1,1
navy,0,1,1
tamp,0,1,1
render,0,1,1
striking,0,1,1
stroke,0,1,1
contenting,0,1,1
dismissed,0,1,1
overtook,0,1,1
enterprises,0,1,1
earthquake,0,1,1
tract,0,1,1
earthquakes),0,1,1
particular,0,1,1
pour,0,1,1
wild,0,1,1
escaped,0,1,1
buildings,0,1,1
shallow,0,1,1
continuance,0,1,1
vale,0,1,1
drowned,0,1,1
food,0,1,1
so,0,1,1
rudeness,0,1,1
ignorance,0,1,1
younger,0,1,1
flood,0,1,1
seed,0,1,1
slowly,0,1,1
simple,0,1,1
(not,0,1,1
chief,0,1,1
civility,0,1,1
mountainous,0,1,1
habitations,0,1,1
regions),0,1,1
clothe,0,1,1
skins,0,1,1
bears,0,1,1
hairy,0,1,1
goats,0,1,1
valley,0,1,1
intolerable,0,1,1
continueth,0,1,1
ancestors,0,1,1
invited,0,1,1
grounds,0,1,1
main,0,1,1
traffic,0,1,1
americans,0,1,1
commerce,0,1,1
as,0,1,1
manifest,0,1,1
(whether,0,1,1
wars,0,1,1
revolution,0,1,1
decay,0,1,1
specially,0,1,1
galleys,0,1,1
brook,0,1,1
ocean),0,1,1
omitted,0,1,1
ceased,0,1,1
cessation,0,1,1
(if,0,1,1
truly),0,1,1
appertain,0,1,1
reigned,0,1,1
adore,0,1,1
superstitiously,0,1,1
solamona,0,1,1
inscrutable,0,1,1
wholly,0,1,1
consideration,0,1,1
substantive,0,1,1
all),0,1,1
foreigner,0,1,1
circuit,0,1,1
fertility,0,1,1
plentifully,0,1,1
fishing,0,1,1
transportations,0,1,1
recalling,0,1,1
flourishing,0,1,1
altered,0,1,1
heroical,0,1,1
intentions,0,1,1
foresight,0,1,1
reach),0,1,1
perpetuity,0,1,1
established,0,1,1
fundamental,0,1,1
interdicts,0,1,1
prohibitions,0,1,1
calamity,0,1,1
frequent,0,1,1
doubting,0,1,1
novelties,0,1,1
preserved,0,1,1
provision,0,1,1
tasted,0,1,1
was),0,1,1
desiring,0,1,1
detain,0,1,1
wills,0,1,1
prohibition,0,1,1
thirteen,0,1,1
bottoms,0,1,1
whatsoever,0,1,1
dream,0,1,1
travelling,0,1,1
henna,0,1,1
restrain,0,1,1
chinese,0,1,1
lawn,0,1,1
keeping,0,1,1
pusillanimity,0,1,1
fear,0,1,1
restraint,0,1,1
exception,0,1,1
preserving,0,1,1
communicating,0,1,1
avoiding,0,1,1
digress,0,1,1
pertinent,0,1,1
friends),0,1,1
pre-eminence,0,1,1
erection,0,1,1
noblest,0,1,1
think),0,1,1
lanthorn,0,1,1
dedicated,0,1,1
study,0,1,1
founders,0,1,1
corrupted,0,1,1
solamonas,0,1,1
denominate,0,1,1
famous,0,1,1
namely,0,1,1
history,0,1,1
wrote,0,1,1
libanus,0,1,1
moss,0,1,1
groweth,0,1,1
symbolize,0,1,1
induced,0,1,1
created,0,1,1
instituting,0,1,1
(whereby,0,1,1
workmanship,0,1,1
inert,0,1,1
ordinance,0,1,1
errand,0,1,1
manufactures,0,1,1
landed,0,1,1
fraught,0,1,1
quantity,0,1,1
buying,0,1,1
rewarding,0,1,1
rendezvous,0,1,1
missions,0,1,1
circumstances,0,1,1
practique,0,1,1
jewels,0,1,1
commodity,0,1,1
creature,0,1,1
world,0,1,1
astonished,0,1,1
probably,0,1,1
perceiving,0,1,1
courtesy,0,1,1
fortunes,0,1,1
bade,0,1,1
scant,0,1,1
ourselves,0,1,1
kiss,0,1,1
skirt,0,1,1
ado,0,1,1
refrained,0,1,1
agree,0,1,1
utter,0,1,1
perdition,0,1,1
adjacent,0,1,1
tedder,0,1,1
obtaining,0,1,1
meanest,0,1,1
quality,0,1,1
freedom,0,1,1
continually,0,1,1
observation,0,1,1
mirror,0,1,1
shewing,0,1,1
cost,0,1,1
liketh,0,1,1
summoned,0,1,1
consultation,0,1,1
discord,0,1,1
suits,0,1,1
appeased,0,1,1
decayed,0,1,1
competent,0,1,1
reproved,0,1,1
censured,0,1,1
advices,0,1,1
assisteth,0,1,1
authority,0,1,1
decrees,0,1,1
disobeyed,0,1,1
carpet,0,1,1
oval,0,1,1
whiter,0,1,1
asp,0,1,1
winter,0,1,1
curiously,0,1,1
colors,0,1,1
broiding,0,1,1
binding,0,1,1
veiled,0,1,1
sprig,0,1,1
traverse,0,1,1
loft,0,1,1
privy,0,1,1
door,0,1,1
window,0,1,1
leaded,0,1,1
sex,0,1,1
always,0,1,1
taratan,0,1,1
herald),0,1,1
lads,0,1,1
carrieth,0,1,1
mantles,0,1,1
sea-water,0,1,1
heralds,0,1,1
streamed,0,1,1
train,0,1,1
curtesies,0,1,1
inclinations,0,1,1
containing,0,1,1
gifts,0,1,1
revenew,0,1,1
privileges,0,1,1
exemptions,0,1,1
styled,0,1,1
beloved,0,1,1
creditor,0,1,1
debtor,0,1,1
subjects,0,1,1
seal,0,1,1
imbossed,0,1,1
moulded,0,1,1
charters,0,1,1
expedited,0,1,1
discretion,0,1,1
readeth,0,1,1
supported,0,1,1
chooseth,0,1,1
mounteth,0,1,1
acclamation,0,1,1
child,0,1,1
purple,0,1,1
greenish,0,1,1
crescent,0,1,1
ensign,0,1,1
goeth,0,1,1
endeth,0,1,1
soever,0,1,1
hap,0,1,1
male,0,1,1
perform,0,1,1
knee,0,1,1
leaning,0,1,1
lasteth,0,1,1
hymn,0,1,1
sung,0,1,1
composeth,0,1,1
posy),0,1,1
(always),0,1,1
praises,0,1,1
concluding,0,1,1
thanksgiving,0,1,1
nativity,0,1,1
birth,0,1,1
births,0,1,1
withdrawn,0,1,1
pleaseth,0,1,1
inverted,0,1,1
removed),0,1,1
kneeleth,0,1,1
layeth,0,1,1
giveth,0,1,1
daughter,0,1,1
bensalem),0,1,1
speaketh,0,1,1
dove,0,1,1
pilgrimage,0,1,1
eminent,0,1,1
merit,0,1,1
two),0,1,1
arm,0,1,1
praise,0,1,1
persevere,0,1,1
wheat,0,1,1
dances,0,1,1
recreations,0,1,1
fallen,0,1,1
merchant,0,1,1
joabin,0,1,1
circumcised,0,1,1
remaining,0,1,1
inbred,0,1,1
rancour,0,1,1
(contrariwise),0,1,1
attributes,0,1,1
ruler,0,1,1
seraphims,0,1,1
guard,0,1,1
milken,0,1,1
eliah,0,1,1
inferior,0,1,1
majesty,0,1,1
commending,0,1,1
believed,0,1,1
nachoran,0,1,1
moses,0,1,1
cabala,0,1,1
hierusalem,0,1,1
jewish,0,1,1
dreams,0,1,1
excellently,0,1,1
discourses,0,1,1
affected,0,1,1
(methought),0,1,1
solemnity,0,1,1
preside,0,1,1
proceedeth,0,1,1
copulation,0,1,1
affected,0,1,1
permission,0,1,1
plurality,0,1,1
experience,0,1,1
partakers,0,1,1
extraordinary,0,1,1
pollution,0,1,1
foulness,0,1,1
european,0,1,1
hermit,0,1,1
fornication,0,1,1
foul,0,1,1
ugly,0,1,1
aethiop,0,1,1
likeness,0,1,1
beautiful,0,1,1
stews,0,1,1
anything,0,1,1
detestation),0,1,1
permit,0,1,1
spar,0,1,1
corrupt,0,1,1
expulsed,0,1,1
libertine,0,1,1
impure,0,1,1
yoked,0,1,1
prime,0,1,1
bargain,0,1,1
alliance,0,1,1
portion,0,1,1
reputation,0,1,1
(almost,0,1,1
indifferent),0,1,1
issue,0,1,1
union,0,1,1
basely,0,1,1
(being,0,1,1
matter),0,1,1
amended,0,1,1
ought,0,1,1
tolerated,0,1,1
necessity,0,1,1
affront,0,1,1
haunting,0,1,1
resort,0,1,1
punished,0,1,1
bachelors,0,1,1
depraved,0,1,1
change,0,1,1
meretricious,0,1,1
embracements,0,1,1
sin,0,1,1
imposition,0,1,1
tax,0,1,1
defend,0,1,1
advoutries,0,1,1
deflowering,0,1,1
virgins,0,1,1
unnatural,0,1,1
preposterous,0,1,1
wisdom,0,1,1
lots,0,1,1
abusing,0,1,1
gained,0,1,1
furnace,0,1,1
flames,0,1,1
quench,0,1,1
anyvent,0,1,1
masculine,0,1,1
inviolate,0,1,1
friendships,0,1,1
before),0,1,1
usual,0,1,1
whosoever,0,1,1
unchaste,0,1,1
chiefest,0,1,1
bridle,0,1,1
vices,0,1,1
decent,0,1,1
widow,0,1,1
sarepta,0,1,1
elias,0,1,1
sins,0,1,1
confess,0,1,1
europe,0,1,1
they,0,1,1
allow,0,1,1
polygamy,0,1,1
intermarry,0,1,1
month,0,1,1
interview,0,1,1
parents,0,1,1
void,0,1,1
mulct,0,1,1
inheritors,0,1,1
admitted,0,1,1
inherit,0,1,1
parents,0,1,1
inheritance,0,1,1
commonwealth,0,1,1
dislike,0,1,1
refusal,0,1,1
defects,0,1,1
womens,0,1,1
town,0,1,1
eves,0,1,1
pools),0,1,1
severally,0,1,1
naked,0,1,1
huke,0,1,1
haste,0,1,1
joyful,0,1,1
seven-night,0,1,1
dozen,0,1,1
entry,0,1,1
glad,0,1,1
stature,0,1,1
aspect,0,1,1
pitied,0,1,1
garment,0,1,1
girdle,0,1,1
sindon,0,1,1
gloves,0,1,1
curious`,0,1,1
peach-coloured,0,1,1
helmet,0,1,1
montera,0,1,1
curled,0,1,1
decently,0,1,1
brown,0,1,1
litter-wise,0,1,1
trapped,0,1,1
footmen,0,1,1
attire,0,1,1
crystal,0,1,1
panels,0,1,1
sapphires,0,1,1
hinder-end,0,1,1
emeralds,0,1,1
radiant,0,1,1
cherub,0,1,1
displayed,0,1,1
covered,0,1,1
tissued,0,1,1
coats,0,1,1
mid,0,1,1
leg,0,1,1
stockings,0,1,1
hats,0,1,1
plumes,0,1,1
hat-bands,0,1,1
bare-headed,0,1,1
sheep-hook,0,1,1
balm-wood,0,1,1
horsemen,0,1,1
tumult,0,1,1
companies,0,1,1
cushions,0,1,1
plush,0,1,1
carpets,0,1,1
persian,0,1,1
finer,0,1,1
street,0,1,1
wonderfully,0,1,1
battle-array,0,1,1
crowded,0,1,1
entertaining,0,1,1
person,0,1,1
admit,0,1,1
meaneth,0,1,1
forenoon,0,1,1
carpeted,0,1,1
finely,0,1,1
attired,0,1,1
instead,0,1,1
fastened,0,1,1
ungloved,0,1,1
posture,0,1,1
stooped,0,1,1
kissed,0,1,1
hem,0,1,1
departed,0,1,1
warned,0,1,1
impart,0,1,1
secondly,0,1,1
thirdly,0,1,1
functions,0,1,1
whereto,0,1,1
fourthly,0,1,1
enlarging,0,1,1
bounds,0,1,1
empire,0,1,1
effecting,0,1,1
depths,0,1,1
sunk,0,1,1
fathom,0,1,1
hills,0,1,1
(some,0,1,1
heavens,0,1,1
coagulations,0,1,1
indurations,0,1,1
refrigerations,0,1,1
conservations,0,1,1
mines,0,1,1
strange),0,1,1
curing,0,1,1
cements,0,1,1
chineses,0,1,1
porcellain,0,1,1
composts,0,1,1
soils,0,1,1
half,0,1,1
height,0,1,1
tower,0,1,1
accounting,0,1,1
heights,0,1,1
situations,0,1,1
insolation,0,1,1
refrigeration,0,1,1
conservation,0,1,1
fiery,0,1,1
dwellings,0,1,1
instruct,0,1,1
lakes,0,1,1
fowl,0,1,1
strain,0,1,1
rocks,0,1,1
bays,0,1,1
required,0,1,1
vapor,0,1,1
cataracts,0,1,1
enforcing,0,1,1
fountains,0,1,1
sources,0,1,1
tincted,0,1,1
upon,0,1,1
vitriol,0,1,1
sulphur,0,1,1
steel,0,1,1
nitre,0,1,1
infusions,0,1,1
quicker,0,1,1
basins,0,1,1
paradise,0,1,1
sovereign,0,1,1
rains,0,1,1
lightnings,0,1,1
frogs,0,1,1
qualify,0,1,1
preservation,0,1,1
restoring,0,1,1
arefaction,0,1,1
confirming,0,1,1
sinewes,0,1,1
berries,0,1,1
vineyards,0,1,1
conclusions,0,1,1
grafting,0,1,1
inoculating,0,1,1
wild-trees,0,1,1
fruit-trees,0,1,1
produceth,0,1,1
earlier,0,1,1
seasons,0,1,1
speedily,0,1,1
medicinal,0,1,1
seeds,0,1,1
parks,0,1,1
enclosures,0,1,1
rareness,0,1,1
dissections,0,1,1
continuing,0,1,1
resuscitating,0,1,1
poisons,0,1,1
chirurgery,0,1,1
physic,0,1,1
taller,0,1,1
dwarf,0,1,1
bearing,0,1,1
generative,0,1,1
differ,0,1,1
activity,0,1,1
commixtures,0,1,1
copulations,0,1,1
different,0,1,1
produced,0,1,1
general,0,1,1
putrefaction,0,1,1
advanced,0,1,1
effect),0,1,1
bests,0,1,1
propagate,0,1,1
beforehand,0,1,1
arise,0,1,1
silk-worms,0,1,1
bees,0,1,1
recounting,0,1,1
brewhouses,0,1,1
bake-houses,0,1,1
kitchens,0,1,1
honey,0,1,1
sugar,0,1,1
manna,0,1,1
decocted,0,1,1
woundings,0,1,1
pulp,0,1,1
canes,0,1,1
fleshes,0,1,1
white-meats,0,1,1
strive,0,1,1
insinuate,0,1,1
biting,0,1,1
sharpness,0,1,1
fretting,0,1,1
ripen,0,1,1
nourishing,0,1,1
andmany,0,1,1
kernels,0,1,1
leavenings,0,1,1
seasonings,0,1,1
nourish,0,1,1
mortified,0,1,1
corrupting,0,1,1
stomach,0,1,1
chylus,0,1,1
enable,0,1,1
sensibly,0,1,1
tough,0,1,1
dispensatories,0,1,1
have),0,1,1
drugs,0,1,1
ingredients,0,1,1
fermentations,0,1,1
exquisite,0,1,1
distillations,0,1,1
separations,0,1,1
percolations,0,1,1
strainers,0,1,1
exact,0,1,1
incorporate,0,1,1
stuffs,0,1,1
papers,0,1,1
tissues,0,1,1
lustre,0,1,1
dies,0,1,1
recited,0,1,1
throughout,0,1,1
flow,0,1,1
furnaces,0,1,1
diversities,0,1,1
diversity,0,1,1
fierce,0,1,1
quick,0,1,1
constant,0,1,1
suns,0,1,1
bodies,0,1,1
inequalities,0,1,1
orbs,0,1,1
progresses,0,1,1
returns,0,1,1
produce,0,1,1
dungs,0,1,1
bellies,0,1,1
maws,0,1,1
bloods,0,1,1
hays,0,1,1
unquenched,0,1,1
generate,0,1,1
insulations,0,1,1
operation,0,1,1
intend,0,1,1
perspective-houses,0,1,1
lights,0,1,1
radiations,0,1,1
uncoloured,0,1,1
transparent,0,1,1
prisms),0,1,1
multiplications,0,1,1
colourations,0,1,1
delusions,0,1,1
figures,0,1,1
magnitudes,0,1,1
shadows,0,1,1
originally,0,1,1
spectacles,0,1,1
perfectly,0,1,1
distinctly,0,1,1
shapes,0,1,1
flaws,0,1,1
halos,0,1,1
circles,0,1,1
reflexions,0,1,1
refractions,0,1,1
multiplications,0,1,1
visual,0,1,1
crystals,0,1,1
vitrificated,0,1,1
fossils,0,1,1
loadstones,0,1,1
prodigious,0,1,1
sound-houses,0,1,1
harmonies,0,1,1
quarter-sounds,0,1,1
slides,0,1,1
bells,0,1,1
extenuate,0,1,1
tremblings,0,1,1
warblings,0,1,1
entire,0,1,1
notes,0,1,1
echoes,0,1,1
reflecting,0,1,1
tossing,0,1,1
louder,0,1,1
shriller,0,1,1
rendering,0,1,1
trunks,0,1,1
pipes,0,1,1
perfume-houses,0,1,1
breathe,0,1,1
outs,0,1,1
imitations,0,1,1
contain,0,1,1
confiture-house,0,1,1
sweet-meats,0,1,1
milks,0,1,1
broths,0,1,1
sallets,0,1,1
engine-houses,0,1,1
swifter,0,1,1
muskets,0,1,1
engine,0,1,1
stronger,0,1,1
exceeding,0,1,1
basilisks,0,1,1
war,0,1,1
gun-powder,0,1,1
wild-fires,0,1,1
burning,0,1,1
unquenchable,0,1,1
fireworks,0,1,1
brooking,0,1,1
swimming-girdles,0,1,1
supporters,0,1,1
clocks,0,1,1
perpetual,0,1,1
equality,0,1,1
fineness,0,1,1
subtilty,0,1,1
mathematical,0,1,1
represented,0,1,1
geometry,0,1,1
exquisitely,0,1,1
feats,0,1,1
juggling,0,1,1
apparitions,0,1,1
fallacies,0,1,1
believe,0,1,1
induce,0,1,1
admiration,0,1,1
disguise,0,1,1
severely,0,1,1
pain,0,1,1
ignominy,0,1,1
fines,0,1,1
affectation,0,1,1
strangeness,0,1,1
these,0,1,1
son),0,1,1
conceal),0,1,1
abstracts,0,1,1
merchants,0,1,1
depredators,0,1,1
mystery-men,0,1,1
pioneers,0,1,1
miners,0,1,1
drawing,0,1,1
compilers,0,1,1
plain,0,1,1
demonstration,0,1,1
virtues,0,1,1
dowry-men,0,1,1
benefactors,0,1,1
then,0,1,1
meetings,0,1,1
consults,0,1,1
collections,0,1,1
direct,0,1,1
penetrating,0,1,1
lamps,0,1,1
execute,0,1,1
inoculators,0,1,1
aphorisms,0,1,1
interpreters,0,1,1
novices,0,1,1
apprentices,0,1,1
succession,0,1,1
employed,0,1,1
consultations,0,1,1
experiences,0,1,1
published,0,1,1
concealing,0,1,1
galleries,0,1,1
samples,0,1,1
columbus,0,1,1
your-,0,1,1
monk,0,1,1
gunpowder,0,1,1
printing,0,1,1
worm,0,1,1
sugars,0,1,1
understanding,0,1,1
err,0,1,1
erect,0,1,1
honourable,0,1,1
touch-stone,0,1,1
iron,0,1,1
hymns,0,1,1
services,0,1,1
imploring,0,1,1
illumination,0,1,1
uses,0,1,1
circuits,0,1,1
visits,0,1,1
cities,0,1,1
profitable,0,1,1
plagues,0,1,1
swarms-of,0,1,1
hurtful,0,1,1
scarcity,0,1,1
earthquakes,0,1,1
inundations,0,1,1
comets,0,1,1
temperature,0,1,1
year,0,1,1
counsel,0,1,1
prevention,0,1,1
kneeled,0,1,1
unknown,0,1,1
ducats,0,1,1
largesses,0,1,1
